1002917672
1005521156
1019907814
1040531623
1050697104
1055719560
1055930116
1055955386
1057096633
1072039625
1077839755
1078880401
1084803941
1086383550
1087072140
1087208496
1093912466
1094072313
1095657124
1095791325
1098289625
1098578810
1098615383
1098723883
1098743122
1098835920
1099791335
1101315714
1102956665
1103069623
1103149051
1103170633
1103170854
1103236794
1103236890
1103353646
1103421421
1103444182
1103466221
1103471736
1103687012
1103697405
1103929842
1103966091
1104011123
1104021822
1104024736
1104060672
1104102871
1104106835
1104141570
1104145652
1104753160
1104917354
1104918216
1104992825
1104992954
1105055232
1105057155
1105187635
1105190170
1105191706
1105197866
1105203050
1105203083
1105215311
1105250226
1105439731
1105453451
1105459806
1105466110
1105565230
1105570524
1105570723
1105571666
1105577712
1105578821
1105579963
1105581901
1105591981
1105605782
1105618850
1105621112
1105655235
1105671604
1105709920
1105786706
1105931864
1106156236
1106187456
1106201541
1106201725
1106206102
1106207771
1106207826
1106208154
1106259770
1106278331
1106291605
1106380564
1106388614
1106392722
1106444566
1106461296
1106490346
1106505411
1106544261
1106544865
1106544961
1106545801
1106545845
1106546501
1106553103
1106553243
1106553803
1106558014
1106558084
1106558493
1106558541
1106563651
1106744940
1106745264
1106747972
1106748565
1106749361
1106750326
1106750632
1106752953
1106755484
1106756696
1106837244
1106842881
1106843441
1106845434
1106858863
1106913426
1106964176
1106964563
1106965613
1106968671
1106970756
1106986495
1106990684
1107339343
1107384972
1107385451
1107387632
1107389931
1107390686
1107392624
1107396415
1107420510
1107422186
1107432874
1107433375
1107434215
1107435486
1107435770
1107436083
1107551546
1107576142
1107591892
1107594246
1107596560
1107622751
1107626763
1107626822
1107651090
1107654601
1107698701
1107699386
1107700775
1107701055
1107701851
1107704511
1107704695
1107706143
1107706401
1107707753
1107707915
1107708291
1107716971
1107719793
1107723632
1107728716
1107771814
1107782524
1107814455
1107828271
1107975363
1107975400
1107979143
1108023965
1108034911
1108047356
1108049445
1108049670
1108062583
1108078300
1108090384
1108090712
1108094934
1108130542
1108142324
1108153060
1108154865
1108178503
1108179155
1108179925
1108180113
1108180651
1108181023
1108181631
1108185116
1108187113
1108188642
1108194695
1108195115
1108196353
1108196552
1108198792
1108205501
1108212070
1108223406
1108271883
1108280143
1108288915
1108314760
1108314874
1108315714
1108321115
1108356944
1108388643
1108408383
1108442532
1108454292
1108455596
1108463274
1108464291
1108466671
1108469795
1108470451
1108480951
1108567972
1108582926
1108583895
1108614113
1108630224
1108654035
1108695770
1108712813
1108715506
1108717120
1108717234
1108722941
1108724886
1108729495
1108794621
1108800976
1108905254
1109004562
1109064456
1109076920
1109093591
1109121123
1109122022
1109126896
1109127924
1109134460
1109135392
1109138903
1109145284
1109149683
1109150162
1109150243
1109150291
1109151024
1109152951
1109155784
1109162191
1109164420
1109164453
1109166472
1109167102
1109173111
1109178103
1109181054
1109182340
1109187844
1109192055
1109192092
1109192324
1109193805
1109200750
1109204762
1109214385
1109226786
1109226985
1109227210
1109227921
1109230220
1109230592
1109234151
1109236030
1109238045
1109238550
1109239423
1109242363
1109243310
1109246585
1109249035
1109249116
1109250494
1109250645
1109251754
1109253950
1109260132
1109260714
1109268871
1109279883
1109279894
1109284551
1109286312
1109289064
1109289926
1109290125
1109292074
1109294211
1109294244
1109294701
1109295375
1109295913
1109320866
1109322270
1109329852
1109331521
1109333805
1109334365
1109334704
1109335511
1109336771
1109338090
1109339055
1109339173
1109344121
1109346906
1109348262
1109356791
1109364524
1109367755
1109367991
1109368993
1109369940
1109369951
1109375794
1109383365
1109385093
1109390822
1109393014
1109393736
1109394366
1109396820
1109399012
1109399034
1109401635
1109403186
1109406126
1109410540
1109417875
1109418424
1109425601
1109426205
1109427384
1109428294
1109429926
1109432166
1109432494
1109432940
1109433986
1109434012
1109435493
1109436930
1109437221
1109439166
1109443075
1109453450
1109461824
1109465055
1109469406
1109473875
1109476266
1109478882
1109479324
1109479825
1109493114
1109516133
1109516682
1109521976
1109525281
1109525900
1109528324
1109528372
1109531205
1109532594
1109533600
1109534370
1109537391
1109539616
1109541451
1109541462
1109544811
1109546104
1109547305
1109548333
1109552695
1109554972
1109558660
1109563092
1109563932
1109564923
1109566426
1109567196
1109569226
1109571853
1109571901
1109574163
1109577254
1109580791
1109583705
1109585794
1109587135
1109588830
1109592492
1109593240
1109594124
1109594592
1109597031
1109597425
1109598232
1109598280
1109598512
1109599912
1109601080
1109605291
1109606024
1109627794
1109630281
1109632941
1109633092
1109633313
1109633335
1109633405
1109633464
1109635166
1109635483
1109635564
1109636146
1109636474
1109637196
1109640000
1109640711
1109640851
1109641831
1109642262
1109645946
1109649531
1109653672
1109655794
1109657765
1109660020
1109660064
1109661313
1109661604
1109662341
1109663940
1109667344
1109668346
1109669050
1109669083
1109669234
1109671905
1109673460
1109680316
1109692706
1109698553
1109703280
1109706592
1109707594
1109707793
1109709731
1109710416
1109711175
1109716613
1109716742
1109717243
1109718304
1109719026
1109722143
1109722526
1109722681
1109729644
1109729821
1109730602
1109735211
1109735373
1109736880
1109738604
1109739072
1109741076
1109743073
1109745825
1109747214
1109748651
1109748780
1109754262
1109758020
1109759755
1109761531
1109763583
1109764891
1109765075
1109769205
1109770211
1109776721
1109789155
1109799482
1109819340
1109823212
1109833373
1109835182
1109835473
1109835860
1109836206
1109837551
1109838984
1109845763
1109854804
1109862353
1109867695
1109874511
1109879396
1109880855
1109882104
1109882830
1109891952
1109893470
1109895500
1109897563
1109900212
1109905263
1109905425
1109911386
1109922520
1109927641
1109931115
1109942046
1109948556
1109950096
1109951010
1109970046
1109978225
1109978251
1109979872
1109980255
1109981353
1109988902
1109994826
1109997641
1110003145
1110003554
1110005411
1110005481
1110005503
1110006424
1110006774
1110007301
1110010790
1110035990
1110039674
1110041251
1110042415
1110067910
1110069155
1110071395
1110071863
1110079784
1110084043
1110086224
1110086924
1110089654
1110091850
1110094370
1110108871
1110113340
1110122392
1110143882
1110154231
1110156073
1110158803
1110176513
1110179711
1110183163
1110199344
1110202074
1110213171
1110218616
1110229142
1110230181
1110234300
1110234436
1110234694
1110235184
1110236411
1110236761
1110238345
1110238511
1110239406
1110239686
1110239690
1110239712
1110241484
1110241786
1110243971
1110245474
1110245986
1110259651
1110262145
1110280592
1110284302
1110294942
1110305184
1110315194
1110332016
1110332204
1110339300
1110340910
1110343500
1110343813
1110349800
1110349973
1110351233
1110365830
1110366202
1110368184
1110370715
1110388650
1110391030
1110413043
1110428664
1110443423
1110470513
1110482413
1110484060
1110488584
1110498546
1110504986
1110579326
1110580306
1110591812
1110592361
1110592685
1110604541
1110604843
1110604902
1110605532
1110605753
1110607035
1110608612
1110608763
1110609500
1110610432
1110614422
1110618176
1110618552
1110620221
1110622483
1110624336
1110625762
1110626075
1110629192
1110632563
1110635363
1110637356
1110638642
1110639375
1110642713
1110651883
1110655162
1110655265
1110658301
1110658802
1110659244
1110661720
1110663234
1110669092
1110696834
1110698886
1110699542
1110700522
1110703031
1110704954
1110705024
1110705142
1110706354
1110707371
1110709655
1110710182
1110727741
1110728301
1110739932
1110749544
1110749592
1110770953
1110771922
1110772110
1110774022
1110775083
1110775201
1110777533
1110780414
1110780753
1110780952
1110787521
1110788044
1110791183
1110791301
1110799443
1110800224
1110802022
1110802044
1110802980
1110804240
1110806502
1110807493
1110812441
1110816055
1110817643
1110831385
1110837265
1110838363
1110839833
1110842434
1110845595
1110848045
1110848465
1110854172
1110854312
1110854511
1110854625
1110854673
1110858140
1110859256
1110880422
1110880761
1110889802
1110890734
1110891703
1110891832
1110892451
1110892661
1110892952
1110901886
1110903334
1110906392
1110907254
1110910625
1110911056
1110912073
1110912530
1110916531
1110919143
1110919994
1110922083
1110922293
1110926390
1110930925
1110933972
1110990042
1110990753
1110992245
1110993424
1110993881
1110994986
1110995616
1110998604
1110999621
1111002174
1111002491
1111003003
1111006256
1111006923
1111008463
1111010740
1111011145
1111012361
1111013632
1111014715
1111017180
1111018602
1111018683
1111019965
1111022113
1111024950
1111026980
1111028096
1111028940
1111028951
1111032952
1111034853
1111036010
1111039580
1111042203
1111046694
1111047280
1111048540
1111049085
1111050076
1111055783
1111056553
1111057544
1111058491
1111061335
1111061464
1111061895
1111063424
1111065395
1111066250
1111067602
1111071780
1111072550
1111079760
1111083374
1111085253
1111086314
1111086561
1111086734
1111087386
1111088591
1111089103
1111089394
1111089464
1111089663
1111090013
1111091192
1111091214
1111091623
1111092301
1111092485
1111093911
1111094714
1111095672
1111096464
1111100491
1111101272
1111102020
1111103711
1111103733
1111108331
1111108913
1111110501
1111113275
1111136622
1111138674
1111140214
1111140461
1111143390
1111145501
1111151182
1111151941
1111153610
1111154052
1111155695
1111164622
1111167875
1111179263
1111181120
1111186565
1111190393
1111190441
1111194302
1111194372
1111200101
1111201173
1111203866
1111204091
1111204172
1111204850
1111207156
1111207731
1111208335
1111208442
1111213283
1111215335
1111215431
1111215943
1111216455
1111217866
1111218920
1111220611
1111223256
1111225021
1111225146
1111225242
1111226130
1111229346
1111229755
1111231100
1111232743
1111237013
1111239511
1111245100
1111247373
1111253253
1111260441
1111262736
1111264081
1111265046
1111265083
1111322295
1111322925
1111324163
1111324830
1111358150
1111367423
1111369921
1111374040
1111377621
1111379651
1111379986
1111383092
1111383663
1111383711
1111384724
1111385354
1111385391
1111402294
1111402585
1111403226
1111405083
1111407301
1111409003
1111439151
1111449710
1111450480
1111451331
1111453070
1111453431
1111455262
1111461271
1111461864
1111465493
1111468315
1111470312
1111470500
1111470511
1111471690
1111473764
1111474022
1111484393
1111487510
1111488836
1111490310
1111490483
1111502350
1111507600
1111516571
1111523361
1111527443
1111527675
1111547404
1111548222
1111551173
1111551346
1111551991
1111554275
1111567214
1111571705
1111571716
1111574590
1111614593
1111614733
1111632196
1111636293
1111649943
1111656206
1111736021
1111736905
1111744885
1111745751
1111746016
1111746646
1111746871
1111751771
1111753193
1111758432
1111790536
1111791461
1111803674
1111803851
1111804691
1111807966
1111808935
1111810033
1111816101
1111875866
1111888945
1111978162
1111983176
1112014643
1112025445
1112042411
1112063735
1112078951
1112173226
1112184290
1112195173
1112203901
1112215252
1112229856
1112279910
1112294551
1112296150
1112304583
1112307641
1112307932
1112313403
1112322643
1112331124
1112335836
1112336304
1112336326
1112338570
1112388406
1112402314
1112405195
1112406315
1112431795
1112432532
1112443581
1112450500
1112453226
1112453812
1112454431
1112468593
1112479896
1112489475
1112489766
1112492430
1112501305
1112503022
1112503136
1112580431
1112582004
1112582015
1112582380
1112588875
1112596402
1112601405
1112601556
1112601910
1112603984
1112605922
1112607576
1112611894
1112616676
1112620401
1112621252
1112622932
1112623013
1112624100
1112625021
1112626255
1112626491
1112628263
1112630400
1112630816
1112631590
1112635451
1112638273
1112638726
1112638962
1112639065
1112641611
1112643335
1112643766
1112648692
1112649090
1112649473
1112650420
1112651293
1112654620
1112655670
1112656296
1112658061
1112658142
1112665444
1112667404
1112668970
1112669331
1112670333
1112670532
1112671151
1112673656
1112674275
1112675126
1112677031
1112679466
1112680085
1112681242
1112683316
1112683611
1112684296
1112688172
1112707735
1112707750
1112707875
1112708903
1112711180
1112712193
1112712694
1112716006
1112716426
1112716651
1112720766
1112724336
1112726845
1112727372
1112731082
1112737290
1112738981
1112755092
1112757170
1112759152
1112769022
1112769475
1112769582
1112774585
1112778376
1112782064
1112782985
1112786850
1112790243
1112812772
1112814496
1112814640
1112815642
1112816950
1112822060
1112824042
1112825851
1112825954
1112835544
1112836583
1112847363
1112885966
1112886843
1112890214
1112891555
1112891581
1112894031
1112894436
1112897052
1112897586
1112904310
1112905065
1112906432
1112906966
1112907670
1112907736
1112908123
1112909501
1112910610
1112910724
1112912006
1112912430
1112913583
1112916291
1112921213
1112921375
1112924772
1112926625
1112928821
1112928865
1112928902
1112931842
1112934793
1112942574
1112954754
1112955200
1112956530
1112956633
1112978020
1112988015
1113000711
1113002542
1113005036
1113030531
1113033014
1113034871
1113040003
1113043153
1113043400
1113044096
1113087522
1113088222
1113089235
1113089666
1113091070
1113096095
1113096390
1113096434
1113100332
1113103235
1113105033
1113110784
1113111182
1113114936
1113117386
1113127142
1113128251
1113129216
1113133475
1113135310
1113135715
1113135763
1113136150
1113139300
1113142763
1113150043
1113150404
1113150426
1113155540
1113155886
1113175840
1113177520
1113183326
1113186093
1113189081
1113190260
1113190422
1113190606
1113192625
1113215762
1113217910
1113241695
1113244090
1113252475
1113252512
1113258801
1113262791
1113263340
1113265090
1113330245
1113335285
1113338052
1113338671
1113359656
1113366940
1113406383
1113412786
1113441346
1113524016
1113552101
1113565504
1113569612
1113574184
1113579924
1113586891
1113595291
1113616921
1113625295
1113626651
1113663294
1113690395
1113692300
1113695100
1113701912
1113707836
1113708562
1113856472
1113856833
1113856844
1113858163
1113858384
1113859434
1113860716
1113861560
1113863671
1113864124
1113866611
1113866773
1113868954
1113872200
1113872966
1113872992
1113873051
1113874565
1113877520
1113881215
1113882125
1113884203
1113888392
1113890455
1113891306
1113892172
1113892360
1113893023
1113894935
1113895926
1113900605
1113901924
1113903836
1113904525
1113905332
1113908596
1113925385
1113927135
1113930790
1113930823
1113932002
1113936784
1113939341
1113939470
1113941006
1113941334
1113945232
1113948581
1113949303
1113953971
1113954251
1113962323
1113963885
1113964832
1113966453
1113968726
1113969076
1113969625
1113971655
1113972532
1113973066
1113974805
1113975505
1113980851
1113985110
1113985386
1113986506
1113988761
1113991631
1113995260
1113996984
1113997172
1113999854
1114000075
1114004172
1114004500
1114005432
1114006725
1114009794
1114011931
1114012410
1114012841
1114013600
1114016304
1114018345
1114019642
1114020456
1114020530
1114021952
1114024435
1114025102
1114027386
1114031881
1114032021
1114032065
1114033992
1114045225
1114045306
1114046975
1114049241
1114049436
1114049742
1114052170
1114058514
1114059096
1114063484
1114064512
1114067861
1114070403
1114071512
1114073505
1114073575
1114073763
1114075664
1114076375
1114076563
1114079201
1114079271
1114087273
1114089594
1114090876
1114090950
1114091182
1114091241
1114096001
1114096045
1114096340
1114097110
1114097880
1114098823
1114109710
1114115052
1114116076
1114122870
1114140134
1114144161
1114144566
1114146106
1114147064
1114149573
1114165371
1114174316
1114174574
1114174810
1114174950
1114175031
1114175543
1114176486
1114177131
1114184901
1114186673
1114188176
1114194885
1114203996
1114209305
1114210075
1114214253
1114218490
1114221743
1114222830
1114225055
1114227682
1114235371
1114236373
1114240212
1114242813
1114246464
1114247820
1114249076
1114249415
1114253442
1114261050
1114263894
1114265014
1114265633
1114269575
1114269984
1114271303
1114272154
1114272294
1114275131
1114275164
1114275805
1114280543
1114288733
1114293740
1114294495
1114297096
1114302066
1114305312
1114306830
1114307644
1114317761
1114320491
1114322915
1114323081
1114327826
1114337070
1114339914
1114341896
1114345761
1114354323
1114358162
1114362686
1114365906
1114375533
1114378366
1114381682
1114381752
1114385941
1114390336
1114390561
1114391714
1114392156
1114411631
1114420086
1114421140
1114421641
1114427322
1114433961
1114434856
1114434904
1114446270
1114449512
1114452290
1114453550
1114457805
1114460303
1114472100
1114474841
1114475342
1114478761
1114494802
1114500262
1114513960
1114547486
1114549015
1114550006
1114551675
1114551771
1114551922
1114552585
1114552692
1114553053
1114553322
1114567075
1114567860
1114568044
1114581602
1114581613
1114589405
1114630436
1114630462
1114648592
1114649362
1114655021
1114659405
1114661542
1114662570
1114664353
1114665565
1114667540
1114672252
1114672381
1114685434
1114690286
1114692246
1114696321
1114696660
1114735296
1114738553
1114738984
1114738995
1114739953
1114742591
1114742624
1114742753
1114742860
1114743442
1114743453
1114746710
1114747082
1114750372
1114750416
1114752085
1114753043
1114755865
1114776250
1114786105
1114788533
1114788673
1114821396
1114825552
1114882764
1114884061
1114884805
1114886706
1114977721
1114982142
1114983402
1114986762
1114988792
1114989890
1114999513
1114999620
1115005625
1115006826
1115006852
1115010805
1115012113
1115017820
1115018310
1115021283
1115024293
1115024400
1115027406
1115035493
1115050823
1115059853
1115070445
1115073680
1115074903
1115096533
1115096706
1115097281
1115100932
1115115433
1115121291
1115131360
1115132653
1115142744
1115144203
1115146314
1115162521
1115169226
1115169635
1115171901
1115172520
1115174653
1115178606
1115178890
1115179833
1115186870
1115188303
1115193446
1115211086
1115224784
1115227864
1115230771
1115232086
1115236220
1115240464
1115246366
1115257146
1115264220
1115272152
1115284800
1115298166
1115300196
1115306091
1115324313
1115329353
1115331066
1115338512
1115347586
1115356362
1115356421
1115361170
1115363620
1115364445
1115370701
1115374304
1115374551
1115378493
1115381293
1115381444
1115388816
1115396892
1115398255
1115399386
1115432242
1115432312
1115438822
1115442274
1115445973
1115446124
1115448666
1115449285
1115452096
1115453802
1115455736
1115456414
1115464313
1115465551
1115467861
1115469843
1115472540
1115472573
1115476703
1115492755
1115497331
1115497434
1115498856
1115508015
1115530603
1115530721
1115532526
1115534604
1115541044
1115559771
1115560460
1115561241
1115562803
1115562976
1115563326
1115565161
1115567106
1115567445
1115570260
1115571111
1115571693
1115574342
1115574530
1115579695
1115590523
1115592111
1115592332
1115596344
1115604512
1115610661
1115610672
1115612621
1115615292
1115618722
1115619190
1115620726
1115621835
1115624532
1115626691
1115627295
1115630025
1115630342
1115630935
1115635463
1115639641
1115639895
1115644821
1115646630
1115650502
1115656835
1115658832
1115659370
1115665526
1115678970
1115688394
1115692292
1115692406
1115695836
1115697236
1115699071
1115701005
1115702442
1115703363
1115724503
1115761404
1115773923
1115773960
1115775080
1115782032
1115783126
1115786162
1115791165
1115795494
1115799322
1115805283
1115822164
1115824861
1115824905
1115828420
1115830030
1115837284
1115842475
1115842501
1115845080
1115849125
1115868596
1115872343
1115873765
1115874535
1115874815
1115875880
1115878643
1115881410
1115892842
1115893402
1115905582
1115916421
1115919066
1115921376
1115923955
1115923992
1115925440
1115929883
1115936636
1115937174
1115939156
1115941492
1115955256
1115955341
1115961755
1115970962
1115971010
1115975383
1115975501
1115975862
1115977310
1115980541
1115980585
1115985581
1116002436
1116020010
1116023801
1116043202
1116043515
1116045206
1116045781
1116046212
1116050935
1116052722
1116052910
1116056362
1116064460
1116073394
1116084690
1116084981
1116100005
1116103903
1116119712
1116127305
1116135171
1116141585
1116142226
1116154583
1116214735
1116232191
1116234265
1116258883
1116265323
1116271785
1116276921
1116277400
1116284396
1116288342
1116296532
1116306925
1116308325
1116308480
1116313273
1116315491
1116317834
1116324753
1116324786
1116331344
1116331915
1116333094
1116333234
1116337460
1116340186
1116340610
1116341391
1116348262
1116349581
1116350200
1116350395
1116355483
1116360335
1116416070
1116420174
1116423394
1116424256
1116428305
1116431083
1116431396
1116431422
1116469480
1116473260
1116474726
1116475216
1116476255
1116477331
1116478576
1116479582
1116487621
1116488052
1116488100
1116488236
1116488785
1116491073
1116491364
1116491773
1116493464
1116498202
1116500044
1116503220
1116503603
1116535022
1116536223
1116537730
1116538640
1116539524
1116540235
1116544461
1116550061
1116552706
1116554202
1116554854
1116580334
1116583344
1116584781
1116587975
1116590672
1116591276
1116591571
1116592724
1116594570
1116601780
1116602130
1116617143
1116624342
1116628321
1116634971
1116637266
1116637830
1116639985
1116643651
1116644196
1116645272
1116649575
1116765532
1116765834
1116765882
1116766464
1116769286
1116779285
1116783382
1116785504
1116786230
1116786554
1116791900
1116793985
1116795061
1116795525
1116796026
1116848784
1116851525
1116875966
1116878125
1116878151
1116882034
1116887752
1116888290
1116888721
1116897740
1116898495
1116899011
1116905042
1116905101
1116910023
1116911106
1116911924
1116913523
1116915030
1116915133
1116916393
1116918320
1116918655
1116921540
1116923570
1117018372
1117026470
1117031020
1117032291
1117041645
1117041704
1117051714
1117052042
1117056566
1117057476
1117057513
1117065751
1117069623
1117075385
1117078152
1117084566
1117133673
1117133706
1117134045
1117135121
1117135600
1117143775
1117144615
1117149633
1117186405
1117187061
1117187864
1117192020
1117195822
1120580834
1120582046
1120583063
1120587263
1120587473
1120588792
1120591765
1120592863
1120595475
1120596105
1120596271
1120596643
1120601296
1120624875
1120627535
1120639380
1120645315
1120663456
1120665210
1120673116
1120683115
1120691596
1120696253
1120697686
1120717791
1120718012
1120718200
1120724205
1120724754
1120736584
1120752161
1120759850
1120760001
1120764466
1120769101
1120775025
1120775036
1120777302
1120792503
1120802524
1120807682
1120818145
1120819350
1120827875
1120834654
1120840770
1120856446
1120874370
1120879266
1120884730
1120900034
1120919693
1120920754
1120924114
1120929725
1120934415
1120935550
1120941032
1120942082
1120950261
1120956793
1120958941
1120960643
1120961332
1120963443
1120970841
1120973265
1120975332
1120977830
1120982575
1120984292
1120990765
1121020482
1121021392
1121022324
1121026992
1121027202
1121032076
1121032964
1121054583
1121056580
1121063882
1121071840
1121093934
1121096126
1121096141
1121096163
1121099814
1121101450
1121102205
1121102286
1121103351
1121107691
1121111692
1121111725
1121114411
1121114444
1121124071
1121125224
1121133005
1121136634
1121139740
1121152104
1121159270
1121188935
1121190825
1121205842
1121214776
1121241343
1121253991
1121277846
1121301020
1121301274
1121304671
1121329484
1121346575
1121347802
1121352341
1121353435
1121354651
1121358324
1121367472
1121391051
1121391261
1121393280
1121400066
1121402435
1121410544
1121431382
1121488760
1121567602
1121585673
1121592415
1121596593
1121598940
1121642793
1121643471
1121646503
1121653573
1121662102
1121664036
1121681400
1121683905
1121685036
1121685364
1121685681
1121689575
1121694313
1121731273
1121736302
1121738925
1121738940
1121740211
1121740255
1121740852
1121744934
1121747045
1121753522
1121765886
1121769040
1121794015
1121795264
1121800341
1121803270
1121805720
1121806593
1121810303
1121810546
1121810992
1121811434
1121814875
1121820431
1121826915
1121832902
1121836505
1121838513
1121846095
1121849256
1121849400
1121850122
1121853224
1121856072
1121861333
1121861915
1121862825
1121865065
1121874095
1121878575
1121892660
1121901432
1121903436
1121913590
1121966871
1121969030
1121970231
1121972891
1121973860
1121975724
1121978546
1121980661
1121980871
1122026463
1122047533
1122050090
1122062966
1122124916
1122125572
1122127510
1122148915
1122149151
1122150890
1122153222
1122155193
1122156991
1122159091
1122164035
1122165063
1122166673
1122167944
1122169134
1122171831
1122172800
1122173091
1122173824
1122175596
1122176414
1122176484
1122176495
1122176764
1122179203
1122179380
1122182600
1122182655
1122200133
1122200251
1122207262
1122208894
1122216373
1122270026
1122283816
1122307001
1122307410
1122308526
1122319262
1122325735
1122333796
1122347796
1122352011
1122359523
1122376706
1122381621
1122382181
1122387243
1122412480
1122413471
1122419233
1122437326
1122468756
1122469541
1122482056
1122483106
1122484871
1122485582
1122485770
1122486444
1122493396
1122494030
1122507691
1122511412
1122519823
1122534626
1122562523
1122563352
1122575753
1122577411
1122578376
1122588364
1122590851
1122592030
1122592122
1122594001
1122616983
1122622524
1122631580
1122632652
1122633326
1122635640
1122644121
1122648516
1122656415
1122658526
1122700224
1122706373
1122731503
1122750775
1122753881
1122762944
1122773912
1122796371
1122800044
1122801024
1122811255
1122819084
1122832502
1122863453
1123750740
1123752626
1123755290
1123755894
1123758171
1123764924
1124352390
1124361162
1124367156
1124420496
1124422515
1124447380
1124497566
1124499106
1124513110
1124517295
1124517881
1124518076
1124540255
1124544923
1124552030
1124552041
1124565050
1124574636
1124576493
1124675355
1124686006
1124734752
1124767254
1124773742
1124813535
1124813966
1124862550
1124872000
1124873190
1124891806
1124893033
1124899101
1124973150
1124977151
1125057253
1125078334
1125136342
1125141636
1125142966
1125143434
1125145140
1125162581
1125303056
1125306103
1125309441
1125311482
1125317981
1125345513
1125346876
1125353611
1125357203
1125360036
1125360073
1125360795
1125362910
1125366045
1125369464
1125369674
1125370271
1125392155
1125392590
1125393872
1125394325
1125395806
1125396926
1125400146
1125403926
1125404254
1125404523
1125404534
1125406015
1125407920
1125408093
1125408270
1125408314
1125408454
1125428006
1125428264
1125428592
1125428662
1125429126
1125432125
1125433083
1125436756
1125438300
1125439674
1125440750
1125463345
1125477183
1125479390
1125725156
1125728656
1125736426
1125737045
1125742995
1125744701
1125745246
1125750242
1125751255
1125753403
1125754733
1125760123
1125762282
1125762923
1125763575
1125766353
1125768766
1125768814
1125769562
1125775070
1125777925
1125834323
1125839584
1125846466
1125863115
1125867352
1125877653
1125879322
1125881993
1125882030
1125883463
1125883570
1125884045
1125890393
1125905454
1125908943
1125916691
1125922884
1125925205
1125927946
1125934633
1125936814
1125961244
1125964976
1125969736
1125970370
1125971324
1125973133
1125975001
1125976681
1125984436
1125987111
1125987240
1125988312
1125988721
1125989314
1125991554
1125994074
1125994192
1125996222
1125997320
1126000400
1126002581
1126003233
1126004014
1126007901
1126008214
1126009850
1126010314
1126010443
1126011305
1126024163
1126031830
1126032574
1126040171
1126044043
1126044614
1126046736
1126047856
1126047974
1126048000
1126049632
1126051146
1126052222
1126052266
1126052771
1126056304
1126057472
1126060386
1126062545
1126062700
1126064505
1126066664
1126066734
1126069350
1126070536
1126073244
1126073292
1126073491
1126074294
1126074456
1126075182
1126083195
1126089904
1126101513
1126122535
1126125464
1126126271
1126128430
1126130644
1126130725
1126134892
1126135533
1126139324
1126140142
1126142625
1126143115
1126144530
1126153313
1126155380
1126157756
1126157760
1126158073
1126159355
1126178852
1126178896
1126178911
1126187543
1126191334
1126197586
1126199222
1126204682
1126204881
1126205253
1126206502
1126207040
1126210142
1126213502
1126213690
1126216501
1126217116
1126227270
1126231842
1126231901
1126232155
1126239715
1126240861
1126242191
1126242412
1126243985
1126270095
1126275205
1126276675
1126277110
1126279770
1126280794
1126283900
1126286383
1126305611
1126309251
1126312213
1126322853
1126359710
1126365774
1126368585
1126369860
1126374933
1126376274
1126385013
1126385761
1126391571
1126400726
1126401732
1126557633
1126559044
1126560002
1126561376
1126562986
1126567234
1126567595
1126567724
1126568122
1126568332
1126569850
1126570605
1126572123
1126574046
1126583242
1126586635
1126587582
1126591281
1126591642
1126640196
1126647185
1126647244
1126649580
1126649930
1126650560
1126653566
1126657280
1126657383
1126657733
1126658875
1126661686
1126676305
1126678033
1126703023
1126704983
1126705576
1126706825
1126706932
1126708321
1126710944
1126712963
1126714260
1126714912
1126717082
1126720206
1126722026
1126722811
1126723146
1126726226
1126726263
1126731911
1126733005
1126735271
1126736424
1126740720
1126743284
1126748991
1126749816
1126754053
1126757903
1126760401
1126760471
1126764800
1126766793
1126769302
1126770411
1126772065
1126772835
1126773406
1126773583
1126775086
1126777912
1126778752
1126779102
1126780233
1126780712
1126783512
1126784050
1126784960
1126789005
1126789462
1126812536
1126815056
1126815255
1126820822
1126823003
1126830445
1126830504
1126832092
1126832534
1126832943
1126834634
1126837106
1126840923
1126884684
1126885001
1126886132
1126887252
1126888781
1126893375
1126893412
1126894753
1126894786
1126899060
1126901263
1126902696
1126903610
1126903805
1126905706
1126905975
1126907036
1126907633
1126919592
1126920885
1126922823
1126922985
1126928423
1126928843
1126929230
1126930630
1126930873
1126932730
1126933500
1126935272
1126936602
1126937696
1126942504
1126943812
1126944711
1126947010
1126948126
1126948200
1126949364
1126949784
1126950985
1126952923
1126953590
1126953785
1126953800
1126954894
1126955303
1126956014
1126959061
1126963596
1126965206
1126965700
1126967634
1126968474
1126968802
1126970596
1126971300
1126972066
1126973444
1126973481
1126973761
1126974763
1126975054
1126982765
1126983852
1126985753
1127015945
1127016166
1127019106
1127019946
1127021803
1127021851
1127023262
1127024592
1127025476
1127026526
1127029271
1127029396
1127030892
1127031356
1127032852
1127035781
1127037284
1127040504
1127040515
1127041344
1127042593
1127043595
1127045415
1127045640
1127045813
1127047121
1127048156
1127049615
1127053966
1127054342
1127055705
1127056442
1127057374
1127057422
1127058461
1127063766
1127064890
1127086520
1127086881
1127090882
1127090930
1127095196
1127095653
1127098254
1127100520
1127101194
1127101555
1127109992
1127119490
1127119663
1127122824
1127123631
1127124644
1127140302
1127180552
1127182136
1127220614
1127223285
1127225002
1127257751
1127276570
1127280685
1127280711
1127289192
1127318452
1127358665
1127358676
1127358735
1127367706
1127375001
1127376655
1127399173
1127410104
1127410760
1127412801
1127414621
1127416500
1127419016
1127425143
1127426090
1127433366
1127435702
1127438395
1127454764
1127479533
1127488821
1127488843
1127515454
1127517521
1127519046
1127529992
1127530106
1127533260
1127544456
1127545090
1127561676
1127562575
1127573064
1127574044
1127596470
1127599012
1127599281
1127599384
1127601296
1127601974
1127602663
1127604520
1127604553
1127611516
1127611520
1127612743
1127612986
1127613852
1127615941
1127616464
1127621655
1127624094
1127625656
1127628364
1127630302
1127631481
1127631735
1127632052
1127632111
1127632752
1127632903
1127632973
1127634480
1127634686
1127634690
1127635235
1127637696
1127637836
1127638245
1127639833
1127639936
1127640636
1127641793
1127642294
1127642670
1127643016
1127643182
1127644103
1127667203
1127670585
1127673061
1127674295
1127724043
1127727915
1127731216
1127735490
1127740876
1127741101
1127745356
1127745883
1127829275
1127829706
1127829765
1127829776
1127829905
1127832215
1127834002
1127837266
1127845666
1127846296
1128230950
1128231230
1128253523
1128264104
1128268385
1128268411
1128268746
1128276262
1128280716
1128281011
1128814816
