1000018 0.03239748377219081
1000056 0.2391330764182567
1000063 0.46544839115323655
1000095 -0.02910033816608205
1000097 0.049276032999090245
1000099 -0.4274689057365465
1000103 0.2540423622449783
1000103 0.6986950413357358
1000117 -0.035924682027626165
1000130 0.08156283265049859
1000136 0.2119776155386255
1000187 0.5814317258134131
100024 0.199181154188613
1000323 -0.20015643334421376
1000392 -0.11936266732651227
1000415 -0.2968780060379659
1000446 0.048789077248710726
1000489 0.2990842161782424
1000507 -0.2725133069319585
1000514 -0.15612749111819083
1000600 0.3197154638697175
1000619 0.25525139674147773
1000834 -0.4015410782998953
1000938 -0.28064832747277957
1000940 0.3656096232396154
1000943 -0.3125718308249919
1000946 -0.025490637096729128
1000950 0.90696759178904
1000959 0.16548980375862796
1000971 -0.05301589619830683
1001008 -0.38799040277979635
1001033 0.04393782802216043
1001041 -0.11504474832710555
1001057 -0.22271394261341523
1001068 0.1352633329456489
100112 -0.19347649748797371
1001144 0.15258308049167235
1001146 0.5671134340313441
1001184 0.014198727787880191
1001187 -0.6071469764236599
1001213 -0.21561438627179408
1001245 0.7557977334111897
1001264 -0.053795247520572624
100141 -0.4649186463547092
1001494 0.29782173980048665
1001504 0.4779974862503558
1001538 -0.15805264263755767
1001550 -0.03777095566296456
1001551 -0.06840122357203095
1001592 0.4436642812499583
1001627 0.239595690629251
100163 -0.6975042882196977
1001650 -0.05103726682339684
1001650 0.10960342779302366
1001650 -0.5057336296238536
1001664 -0.7358738580407744
1001665 0.07735527679505266
1001665 -0.13885339142688474
1001665 -0.33399401340165114
1001665 0.38698619916648663
1001669 -0.01095637964264272
1001694 -0.26937059132336977
1001721 -0.3603183178894028
1001755 -0.03543849559691667
100177 -0.3735685064711869
1001787 0.03871125651634379
1001788 0.17035261607214167
1001804 0.09453201464818496
1001804 -0.7024440369214991
1001806 -0.29684705822939805
1001823 0.04369167054006656
1001823 -0.31451101540617493
1001840 -0.7985431941208391
1001841 -0.05577274494178152
1001841 0.12159336427848001
100185 0.04641758259695235
100191 0.6203708978430446
1002090 -0.3184825380025133
1002103 0.6255432421712244
1002108 -0.21471023476721623
1002111 -0.07633764813358117
1002112 0.28124548003128574
1002116 0.060560174390619254
1002119 -0.17609421998443514
100212 0.016391974268554682
1002202 0.01705151084500444
1002253 -0.5746996115929771
1002254 0.006218140776532681
1002325 0.02805055525747114
1002335 -0.40671409379135376
1002337 -0.6550858709733884
1002363 0.5823544035356056
1002398 -0.029293062263577134
1002400 -0.4276003947198168
1002469 -0.05512417913218779
1002498 -0.24771606738864427
1002501 0.3816850183559869
1002525 -0.039936153191543616
1002545 -0.8368161549494334
1002585 -0.06162360225133205
1002589 0.04901267277571967
1002606 -0.7626677875066684
1002636 -0.03730379673531552
1002640 -0.3028588783136303
1002665 0.3862858497814124
1002665 0.6031065003431247
1002665 -0.8113625732861209
1002668 0.17785074040009877
1002708 0.6346011681135176
1002712 0.06830651347350619
1002713 0.8503609919551792
1002721 0.0028046877460778112
1002721 0.223606797749979
1002723 0.4078854352766556
1002725 -0.007676878589313418
1002729 -0.5678034113731434
1002730 -0.09944169410313122
1002733 0.5845730793030015
1002745 0.15196721732215132
1002754 -0.11962176277984782
1002755 0.6667988238027982
1002756 -0.317080575564135
1002764 0.42737766420201284
1002765 -0.44208776893462615
1002766 0.12817704076296726
1002772 0.3810577676898517
1002803 0.34529581787167546
100285 0.24987025342954491
1002916 0.43614944393929894
100292 0.5085133809309826
1002923 0.18116417681566668
1002923 -0.48389098392369007
1002967 -0.5610116655896179
1002993 -0.024514516892273
1002998 0.2515920419211612
100303 -0.03754120301226261
100309 -0.40248502778043554
1003176 0.16887091779279864
1003182 0.29669665750947327
1003205 0.0018842016958503856
1003217 -0.03224934058834992
1003228 0.46876970985068167
1003260 -0.19250466227874755
1003260 0.4365440186426969
1003293 -0.17688248415649524
1003399 -0.27838256355310775
1003421 -0.2814249455894058
1003565 0.1840611438432816
1003705 0.08481889296799716
100372 -0.6175877010742382
1003731 -0.7733656873778084
1003866 -0.7178052812106821
1003877 -0.010673081931019148
1003877 -0.4979497636568629
1003894 0.4274909800354808
1003894 0.8199486019926461
1003943 0.6191034846198452
1004139 -0.6900210375474537
1004142 -0.6929614843451762
1004143 -0.019656553650749035
1004160 -0.33534617363667185
1004187 -0.030813166296186772
1004203 -0.056211043581764146
1004257 -0.17105737374739122
1004274 -0.20977461337089373
1004331 0.15982514211724325
1004363 0.15191090506254995
1004405 0.421321359316197
1004407 -0.294508301852664
1004409 0.40562148383070673
1004414 -0.05975906569096475
1004419 0.22121806257219537
1004421 -0.17971089985833785
1004423 0.15200837758144187
1004423 -0.3613580130437672
1004423 -0.37659211345706467
1004425 -0.2634878655185129
1004432 -0.4263084301074658
1004437 0.06905152599826822
1004437 0.25816742527476255
1004441 0.760116950066092
1004449 -0.1908431724015755
1004449 -0.19155954538833594
1004450 0.3845015391567396
1004451 0.059989502755446344
1004452 -0.099131448214768
1004453 0.14108976995165776
1004453 0.2822550737368843
1004477 0.1776029506981871
1004478 -0.02788828021660043
1004478 0.06500573526311777
1004478 -0.18601879596606258
1004478 -0.9138495467601871
1004486 0.05378408689579242
1004490 -0.37597225986356475
1004491 0.08524929243380916
1004501 -0.004325813494687837
1004512 0.08794080883518106
1004531 -0.1460885693042611
1004535 0.05719694409972931
1004556 0.9663872635813809
1004572 -0.13728990456082127
1004603 0.24642803833992216
100461 0.33154588083586056
1004617 0.1705997527390073
1004773 0.7523547938632786
1004779 -0.24380878667144945
10048 -0.07740405274041097
1004834 0.3072683637543574
1004835 -0.6409011195939266
1004836 0.12772463867199854
1004836 -0.1337836039724866
1004844 -0.6793146889343271
1004855 -0.19054221238093932
1004877 -0.8691968388426685
1004960 -0.3976539387089738
1005223 -0.09046327263233249
1005233 0.7173305422161504
1005250 0.34773928384624714
1005265 -0.6983562660242388
1005274 -0.29776678604840917
1005275 0.4930522089400845
1005278 -0.4094998977000199
1005280 0.24314372912620297
1005280 -0.6110331537579543
1005283 -0.5586339748065984
1005287 0.6049494651800981
1005304 -0.4685004190021549
1005309 0.03958961304812553
1005311 -0.20615445666470555
1005316 0.1036951694730425
1005428 0.07355592891792274
100544 0.7994108773089584
1005529 -0.5333333333333332
1005538 -0.7239893121866677
1005565 0.40089186286863654
1005572 -0.3987175679361583
1005749 -0.05738750322964125
100575 0.06246950475544244
1005782 -0.08753969230824891
1005782 0.15957766059791942
1005782 -0.4681408379492695
1005793 0.10281287531902038
100586 -0.5864006135182993
1005902 -0.16630533766425026
1006038 -0.44624701486149637
1006043 -0.37951823527874246
1006057 -0.8492017361319134
1006315 0.011445401535514321
1006346 -0.6608782143325418
1006374 0.5113755714974837
1006461 0.6333697057683999
1006469 -0.08958177017301286
1006479 0.06142951168339512
1006526 -0.12345729116460773
1006572 0.41206550425627697
1006586 0.22193863286223234
1006648 0.2285987236762401
1006675 -0.20303653003383487
1006747 0.10663746022365674
1006747 -0.40581999670523994
1006884 0.1678605968144229
1006898 0.1802263927978498
1006905 -0.1711637937540444
1006906 -0.39979794600881424
1006908 -0.10242096403981268
1006910 -0.4048635839544392
1006911 -0.017129717745688288
1006912 0.040850368510283376
1006914 -0.5252415132249678
1006924 -0.7818892715939265
1006927 0.3492081088888322
1006927 -0.41900821740074473
1006928 -0.07920941404991752
1006930 -0.05814610411950665
1006934 -0.38214100281407387
1006947 -0.39674028397266303
1006968 -0.2845856700108502
1007011 -0.4981104416395251
1007034 0.03166968246780079
1007049 0.14985155202011805
1007167 0.21508504524606634
1007253 0.5282124940008192
1007253 -0.8297341429199062
1007356 -0.29324537537486517
1007418 -0.3451057175812343
1007547 -0.27474254948327326
1007797 -0.05138915323706492
1007799 -0.008444882210909629
1007807 -0.44224748747974063
1007854 -0.1303167531070003
1007877 0.031605223019092424
1007887 -0.2173688547634485
1007889 0.7842222212887001
1008026 0.029204083016228437
1008074 0.06282808624375433
1008089 0.2192236631256862
1008099 -0.0957427107756338
1008108 -0.10389385923870169
1008108 -0.4608612064325913
1008183 -0.045669502415629226
1008203 0.543739550322662
1008219 -0.7826737091318416
1008220 -0.06380055379121033
1008220 -0.06771533859447297
1008220 0.12400408446645028
1008220 -0.2233231437176475
1008220 0.24224498907209394
1008220 -0.25409876060248804
1008220 0.26136324708573355
1008221 0.04253563852715427
1008221 -0.048557136048615314
1008221 0.09117142132684769
1008221 -0.30376521820404184
1008221 -0.5183490744070414
1008221 -0.6712087983648647
1008221 -0.7676236414667232
1008221 -0.7806275106251558
1008221 -0.942346214427416
1008231 0.017063917511845425
1008250 -0.6942385851526506
1008272 0.8330217486025558
100829 0.045460416238613154
1008293 0.059193477544360634
1008359 -0.14947849761564366
1008459 -0.050577292657078325
1008479 -0.03821758383476136
1008535 -0.3127960592323921
1008598 -0.5044957562397053
1008598 -0.6752825286548538
1008598 -0.877792041388237
1008812 -0.3342631352324378
1008844 -0.41861726250441444
1008887 -0.13739582476040663
1008974 0.3326117084530332
1008976 0.14157829380675677
1008987 -0.15431770309453183
1008989 0.14816681483355557
1009001 0.03681356287197267
1009001 0.07959968965976164
1009001 -0.32070633175132635
1009004 0.015363418187717913
1009005 0.3403115373043031
1009006 0.26465784961124905
1009006 0.3413702726256095
1009012 0.22161237310552998
1009025 0.09963204091820209
1009038 -0.09212772848257877
1009038 0.40834709447568346
1009043 0.04731281262514662
1009068 -0.07760260572802165
1009101 -0.06356417261637287
1009102 0.19986056835041774
1009124 0.0395658853092286
1009135 0.0029212804558312183
1009136 0.6129790771166547
1009148 -0.13565168669614014
1009150 -0.22006782433207225
1009188 0.2597665480946691
1009210 -0.6321880107307326
1009231 0.0341065722707343
1009250 -0.642168578087495
1009277 -0.15968778131522363
100928 0.494881546262361
1009284 0.7117639563193816
1009321 0.4542001764135548
1009333 -0.4929168395648231
1009348 0.6426163190228614
1009351 -0.1646188456280091
1009352 -0.05027077890148244
1009353 0.3464101615137755
1009373 -0.07809475220897143
1009384 -0.5741036627442154
1009389 0.25092058737912226
1009389 -0.3908608418219289
1009394 -0.08682327066979083
1009406 -0.5827453244641508
1009408 0.5893445885262351
1009410 -0.1157605916525994
1009413 0.21297025675906447
1009413 0.2303421858603992
1009416 -0.09147021665807532
1009416 0.10305534944506278
1009416 -0.3017834435258257
1009417 0.13575288868641028
1009421 -0.03804429551263411
1009430 -0.47829879077910203
1009430 0.7774925513108336
1009441 0.037353127434805906
1009449 -0.0626983109585419
1009454 0.07331961570181376
1009455 -0.013840913308956648
1009466 -0.27493254797322625
1009484 -0.08956315055286729
1009484 0.3015227661109827
1009496 0.17990294835440934
1009499 0.6430596856867925
1009500 0.38602514291028245
1009502 -0.19731219365849223
1009504 -0.3109961802023774
1009508 0.03187276291558376
1009508 -0.15251369840866316
1009508 0.2605160066936191
1009508 0.37723583910715364
1009510 0.8276038182911141
1009512 0.29963227720692476
1009512 -0.4085752815378835
1009512 -0.43205837183699697
1009512 0.44394139454419446
1009513 -0.13823763413228338
1009514 -0.039605901719067006
1009514 -0.06644524761209457
1009514 -0.07853510780469297
1009514 0.10588088747190667
1009514 -0.11285321907949182
1009514 0.3185611619027535
1009514 -0.3440651125699374
1009520 0.4589196960791645
1009522 -0.2709159696214582
1009564 -0.6510303142278565
1009568 0.18767889518428674
1009568 -0.19746467486037858
1009568 0.8368084057308448
1009571 -0.018692405136401493
1009572 0.2752162880555761
1009572 0.43857063707895466
1009574 -0.07734373819828308
1009578 0.49151028929961643
1009579 0.08201625627885104
1009583 -0.13223293512944487
1009583 -0.5632807082174924
1009584 -0.37620512533597655
1009587 -0.12335134242111888
1009587 -0.20094456045299872
1009587 -0.5980361490553252
1009589 0.04862166383263152
1009592 -0.19034935437854464
1009594 -0.09534893429694993
1009620 -0.18682446746213968
1009686 -0.5620438151811821
1009688 0.0301187420984413
1009702 -0.018779733663949867
1009712 -0.01393736683345152
1009712 0.21120891566169536
1009712 0.6512820512820512
1009712 0.7658693012229871
1009713 0.38180562586147204
1009714 -0.10259783520851548
1009714 0.21399624418051003
1009714 -0.84066800169605
1009718 -0.012030741729521725
1009718 0.48665760018142445
1009718 -0.781274350269872
1009720 -0.041130491134040784
1009720 0.20510528391536356
1009720 -0.5724249491123136
1009726 -0.354371222160846
1009726 0.5512681620638745
1009733 -0.20258960627995964
1009734 0.14014640309496715
1009744 0.023677853202210802
1009748 0.29695177094489744
1009751 0.5586377990041406
1009751 0.6193109875424302
1009752 -0.6536662861682155
1009753 0.07617550741785384
1009760 -0.5249743671117685
1009761 0.39487698723975595
1009762 0.05884898863365
1009762 -0.07150969419341945
1009762 0.1541222426814169
1009762 0.45905116201645657
1009763 0.238455241619133
1009764 0.25933748089608366
1009764 -0.6283647564981224
1009765 -0.03324877960169824
1009765 -0.4154849185444607
1009775 -0.09555497043061452
1009777 -0.3092639453237277
1009777 -0.34327607050360515
1009777 -0.6481654789120374
1009777 0.7624836925347198
1009781 0.017400151033966454
1009783 -0.050697185961801734
1009783 -0.0792697663314835
1009785 0.08463889584616796
1009785 0.1553824075136732
1009789 -0.058905115483444896
1009789 0.06695661315233828
1009789 -0.18531981638085646
1009789 -0.1869160544420935
1009789 -0.30122676561432915
1009795 0.07287417702431943
1009795 0.16336268242387328
1009795 -0.17252246638900917
1009795 0.24372716972858602
1009795 -0.27571177001401026
1009795 0.4039688032318213
1009795 0.5714945731718976
1009795 -0.764405154670459
1009795 0.8201236774142913
1009799 -0.33473871271143246
1009799 -0.7026437916055817
1009800 0.9463977647778881
1009805 -0.10935791416063931
1009805 0.12174618838941852
1009805 -0.2657769902915658
1009805 -2.655701578125447e-17
1009805 5.3033980226039015e-17
1009806 0.06298366572977736
1009806 0.14745366412313327
1009806 -0.3168847171217566
1009806 0.379941632827523
1009807 0.4306390111774075
1009809 0.36844900678357567
1009818 -0.23186237858183464
1009824 -0.8155195218116852
1009840 0.2775845996231542
1009861 0.7434008869420319
1009891 0.1552981353226246
1009898 0.6752706939317276
1009907 0.013364589564574706
1009926 0.1844062539253433
1009955 0.07340252743933791
1009965 -0.12374987915056762
1009994 0.42585414796945054
1010001 0.4315256113963404
1010001 -0.5293694168363741
1010003 -0.03380831681708762
1010009 0.02280495286140348
1010010 -0.4004808657316367
1010023 0.167357776914203
1010025 -0.06372549019607848
1010034 -0.6198538646249219
1010035 0.0042011615296620895
1010035 -0.0063579587718482575
1010035 -0.008422116545078214
1010035 0.011639322131651234
1010035 0.021953910043194833
1010035 0.03539961627023954
1010035 -0.09659720419005736
1010035 0.10599866230131513
1010035 -0.11319772282150822
1010035 0.11861536641852541
1010035 -0.12452918853422468
1010035 -0.1321476915032335
1010035 0.13276005389779783
1010035 0.16346203527307682
1010035 0.16870599343374065
1010035 -0.17463559859130987
1010035 -0.17747372799516853
1010035 -0.17996850826633903
1010035 -0.20124526208903706
1010035 0.2124328133855224
1010035 -0.2221407146018736
1010035 -0.2292601098387214
1010035 0.2360466028148993
1010035 0.2703381341337498
1010035 -0.2753443958769674
1010035 -0.3395411912439762
1010035 0.344917199094264
1010035 -0.3604708167472697
1010035 -0.40451908510075085
1010035 0.4766131334409184
1010035 -0.49825150775877075
1010035 -0.5752136834300586
1010035 -0.6737352812572245
1010035 -0.7344966707624588
1010035 -0.7967771879864274
1010035 -0.8138796273027071
1010035 -0.9044127028272262
1010076 0.2612112039216666
1010094 0.01572024026895677
1010094 0.062170591412749214
1010094 -0.18633899812498245
1010116 -0.31790561352930574
1010124 0.35504444166706184
1010147 0.07963641376124946
1010154 -0.4983919294262215
1010180 -0.009577164616485563
1010203 0.013461986538074002
1010204 -0.5392105448507515
1010216 -0.09397076876470424
1010263 -0.461581772049657
1010350 0.1219545795703574
1010389 -0.5697507916318097
101039 0.10674899923282327
1010419 -0.20156393358850555
1010419 0.6458216551032986
1010420 -0.16188097705954402
1010420 0.53582588123382
1010424 -0.25708715772046303
1010426 0.10412874001689959
1010427 0.013818595240190698
1010430 0.12266334536566453
1010458 0.4625514018478945
1010464 0.2773829264370608
1010465 0.5642880936468346
1010466 -0.003408703578417702
1010469 0.1370602654560436
1010473 0.1749578402401411
1010490 -0.3499482363378077
1010490 0.5731611031391336
1010491 0.012420443735110209
1010491 0.23891934294085465
1010492 0.4264115172954524
1010494 0.14924295263615872
1010494 0.18950356780267952
1010494 0.5490734627568218
1010495 -0.3972508265291366
1010496 -0.10022296571715919
1010496 0.3886662482310066
1010499 0.545473124247988
1010500 0.32998316455372223
1010501 0.42880952771839975
1010510 0.2979067455896062
1010511 -0.2745473699518052
1010524 0.01898773032872788
1010525 0.03872176726736789
1010525 0.6619307820163023
1010538 0.027821282546451904
1010538 0.4834937784152281
1010551 -0.22823749054954165
1010551 0.28697302580330214
1010562 -0.3629467468942645
1010573 -0.45788052535315227
1010574 0.03621034121889505
1010574 0.3710854146783375
1010577 -0.053376051268362396
1010577 0.11144130830595528
1010577 -0.380624628296443
1010585 -0.0545815534604222
1010587 -0.4207864804044945
1010589 0.4709403114014421
1010628 -0.11042725874344268
1010635 0.6364248507212642
1010638 0.11642600352285629
1010642 -0.0651646981794744
1010651 -0.014371020451974217
1010662 0.8554472217391635
1010685 0.11642889133503298
1010696 -0.18438080438360036
1010711 -0.04170880462376497
1010714 -0.8047868515879923
1010723 0.12793505179773287
1010766 -0.2364518963885164
1010767 0.11881211413043943
1010767 -0.16791941801439034
1010806 0.3168091161233884
1010810 -0.47068375208741664
1010814 -0.11290149212460442
1010815 0.14746845304722264
1010815 -0.621714972436368
1010817 0.5846680551337463
1010818 0.2914037485614969
1010835 0.37163464027757337
1010844 -0.019253032741930267
1010844 0.26520733064842883
1010846 0.013311133755030473
1010846 0.0549200522601159
1010847 -0.16012815380508716
1010848 0.8992521332084408
1010855 0.6568861854428619
1010863 0.13666988660213156
1010893 -0.4801565209699656
1010897 -0.15577565614007713
1010902 -0.06091449038731732
1010902 -0.14066876153950716
1010911 0.6889308933634745
1010913 0.03453526988680204
1010913 0.23627266503487593
1010914 -0.3764325148153746
1010919 0.09582769267256039
1010938 0.47358685769825987
1010940 0.3767441860465115
1010941 -0.263510268978641
1010963 -0.3342786794114331
1010967 0.2505427945075912
1010974 0.8887426058485023
1010975 0.1797434068545834
1010979 0.23857227377448137
1011024 0.30909464827244754
1011028 0.05754510855264824
1011028 0.291848181487276
1011028 -0.67161876195993
1011040 0.9186680063564753
1011053 -0.040626413419096674
1011066 -0.3758850189312528
1011095 -0.23015873015873017
1011096 -0.4924417533373008
1011098 -0.019809377601872496
1011133 0.3130639707372212
1011136 0.45348115869385636
1011145 -0.07486506502445776
1011147 0.9347725528980713
1011149 0.5975414096535396
1011151 -0.24667214833087098
1011152 -0.288904378335205
1011153 -0.16679522584613654
1011153 0.30483467251738083
1011153 -0.3318383453374174
1011153 -0.7109465812438475
1011153 -0.8077728564073777
1011153 0.9631374536477364
1011197 -0.21851118756679103
1011203 0.1236914172911347
1011222 -0.3926454260438988
1011226 -0.33010993312097703
1011244 0.05386386348447063
1011278 -0.22763266961871462
1011297 -0.2685857279604117
1011306 0.3190832217286032
1011331 0.6021849063226479
1011344 0.16771112079640024
1011344 -0.4362843822017506
1011349 0.030644297139704985
1011349 -0.3488373014227885
1011351 -0.03798685881987924
1011352 0.11362616907210711
1011352 -0.1518388239647493
1011352 -0.2529903086328818
1011437 0.3916277292012676
1011509 -0.17719859731746856
1011570 0.31524416249564025
1011660 0.05677131891720987
1011704 0.11164897421720589
1011727 0.1929057691133373
1011845 0.1396860591539156
1011912 0.013608276348795424
1011978 0.5742435476131507
1012054 0.1340230759009417
1012086 -0.1148075695763856
1012224 -0.03961798748024255
1012236 -0.29650267785897033
1012245 -0.19160015038263456
1012253 0.01294698888053887
1012358 0.07468392894745081
1012372 -0.40434677319857726
1012410 -0.2854112562442633
1012415 0.007219134697070153
1012418 -0.2745148865527479
1012424 0.1026000666391889
1012460 -0.6628462658074152
1012484 -0.1741872766567104
1012489 -0.6732394993122598
1012498 -0.024044089194166788
101276 0.6408480499724436
1012786 0.23372319715296233
101325 0.023295218593820395
1013335 -0.24562082336244997
1013336 -0.3124377378408278
1013401 -0.20993861452224066
1013453 -0.8443911665245285
1013502 -0.039485684199640846
1013502 -0.344869951545228
1013513 -0.02508227941899588
1013534 -0.008302234179306657
1013577 -0.07682953714410737
1013596 -0.03385133543331474
1013634 -0.05783149319662405
1013668 -0.2578445968356599
10137 0.006292171054642833
1013765 -0.14330195081323102
1013780 0.12480590345885376
1013837 -0.6495190528383288
1013838 0.06984595002616818
1013840 0.3862340779499739
1013844 -0.224955685649531
1013855 0.7328637639512543
1013869 0.09715778924933992
1013877 0.518467720720844
1013892 0.390855934561471
1013913 0.473789217003005
1013914 0.048913987007807906
1013922 -0.008460612350518171
1013922 0.04817338586278974
1013929 -0.33402132856134237
1013931 0.3399447068245024
1013938 -0.26672715587390194
1013941 0.4094943095082649
1013942 -0.06785092746213182
1013946 -0.16037583864578359
1013959 0.2335664029881246
1013968 0.8195756962399234
1013969 0.04337322718944023
1013972 -0.06559553986911044
1013973 0.010348812215327893
1013978 0.3164751088516942
1013979 -0.4528781853390418
1013979 0.6531366937077951
1013985 0.09688639316269664
1013985 -0.16205747826813266
1014021 0.1032126474312969
1014032 -0.5521828484317606
1014041 0.765062490736789
1014077 -0.004556056890015125
1014080 -0.14601567184155426
1014082 -0.6449756604391955
1014133 0.34750444989685847
1014173 -0.10659147114751379
1014319 0.13293003075336618
1014323 0.036759954931403854
1014356 0.9008550952207787
1014383 0.5935694526523001
1014421 -0.03976148767100023
1014437 -0.3205672648304082
1014437 0.33649742863879284
1014437 -0.7042908469990241
1014437 -0.8238997636338352
1014451 -0.4547890018951655
1014452 0.11708277761628308
1014514 0.04337311761300097
1014514 0.11072627890883799
1014514 0.31600090052668767
1014514 -0.5395484241065629
1014514 0.9030468880657606
1014525 -0.08233869695926183
1014528 0.018434941519273423
1014571 0.3870967741935484
1014585 0.20395565643290972
1014600 -0.09484073368452975
1014603 -0.10845193904480363
1014604 0.13196999495719183
1014610 0.2313259727864961
1014610 -0.5648874644793787
1014621 0.3683440897237972
1014622 0.16728224278493026
1014622 -0.32422848961060985
1014641 -0.5030405979152414
1014647 0.29884451023239206
1014649 0.011566298639324813
1014650 -0.2952200229401419
1014660 -0.05092769427934507
1014697 0.5084700923486271
1014700 -0.17610055638478733
1014703 -0.284475815805429
1014707 0.752030426343985
1014727 0.2613641051214193
1014730 -0.2659643886966281
1014738 0.4510436254467967
1014753 -0.7738079249652134
1014756 -0.2971290029799122
1014760 0.18659605860077838
1014768 0.47075654176200415
1014777 0.04071003829756598
1014777 0.6870580220098593
1014781 0.27034653377128337
1014783 -0.022615920980391585
1014783 -0.22887430356158694
1014783 0.27731454724428767
1014785 -0.5340648054432774
1014786 0.4293257009442706
1014790 0.6641330354523187
1014791 0.8222093081110693
1014792 -0.05948481144576243
1014793 -0.27372732254178594
1014794 0.015424419355984582
1014794 0.0176841180400899
1014794 -0.14035141567751266
1014794 0.33041647719441547
1014794 -0.9496622360775663
1014795 -0.04964063060631017
1014795 -0.04983416206388215
1014795 0.15665971798142964
1014797 0.3155883616435306
1014800 0.01290650321194379
1014818 0.9275548804604418
1014869 -0.2876294623936727
1014890 -0.33743352847429653
1014933 0.19775312019549734
1014952 -0.001577127186370009
1014987 -0.01058908538630597
1014989 0.1787592996687029
1015015 -0.15888814239971275
1015018 -0.05439926748615557
1015018 0.10585122480499265
1015018 0.17521916101261564
1015018 -0.24346292027408836
1015018 0.29633362966711124
1015018 0.30815781721396834
1015018 -0.3249777854809551
1015018 -0.35460407163348756
1015018 -0.3715802678087691
1015018 -0.46358632497276536
1015018 0.4914731871829905
1015018 -0.5167296136964534
1015018 0.5792574692537632
1015021 -0.7344562777743182
1015051 0.3350815071819163
1015057 0.21485132718514247
1015058 -0.07446042464765876
1015063 0.03616295580114406
1015065 -0.30600196091680804
1015066 -0.027222714914876746
1015081 -0.6866436491305119
1015084 -0.42943496685330895
1015087 -0.39633666112045024
1015089 -0.7721911852764863
1015100 -0.10274023338281628
1015154 0.8360429014796877
1015183 0.6329902777526075
1015192 -0.43190215664583986
1015253 -0.38958780284613914
1015333 -0.18307998045386753
1015350 -0.05224514932837023
1015372 -0.04470180678575893
1015385 0.012027260612050247
1015430 -0.25249198109987925
1015432 0.1598456842010981
1015473 0.04249688873453659
1015473 0.04369823502296412
1015473 0.11704523747019546
1015473 -0.1455508092277925
1015473 0.1552909237378599
1015473 -0.16666666666666674
1015473 0.19134594929397591
1015473 0.1981749484142756
1015473 -0.1984861140172765
1015473 0.20277677641345318
1015473 -0.20813018035148761
1015473 -0.2609425600171015
1015473 0.27644357947251896
1015473 0.3215608193549359
1015473 -0.35730610683760144
1015473 -0.49431962019681486
1015473 0.5123225231604849
1015473 0.5226042675712106
1015473 0.6207819304505824
1015473 0.6458817159483297
1015473 0.7765519984163486
1015495 0.059704276885196514
1015497 0.32015967622206243
1015518 0.45305765077830223
1015518 -0.722744940104879
1015585 -0.3031957786034863
1015624 0.06005305298156715
1015643 -0.03714664781053481
1015662 0.040313777323076234
1015676 0.16936723108129106
1015687 0.025940533598528815
1015749 0.16296080786372652
1015775 -0.2604430465726918
1015920 0.1326599506318688
1015936 0.059575546873449924
1015949 0.4153138959677463
1015958 -0.19660067234399292
1015962 0.28536479645180846
1016011 -0.260730251411349
1016028 0.10233220929949843
1016141 -0.614457072587125
1016163 0.3610445542991875
1016307 0.011154471683187867
1016441 0.34350010841176204
1016456 0.5711907239379642
1016533 -0.10758546493038652
1016534 0.285333477563568
1016538 0.07579261197659251
1016538 0.39631454350213335
1016538 0.42671716872835347
1016539 -0.1951414071292182
1016548 0.153474973955268
1016602 0.15180894458051972
1016605 -0.24958437211489568
1016607 -0.6710424194387985
1016610 -0.5920967713774956
1016611 -0.8648999641877366
1016617 -0.2747309269424454
1016618 0.2124668046549565
1016619 0.08088057339571166
1016620 0.17688324746772618
1016621 -0.3085167664529679
1016623 0.12882018985292035
1016624 0.2500570867497679
1016636 -0.1717523806140298
1016643 -0.06009604261339775
1016662 0.0014855446740870528
1016716 0.24784429232777083
1016766 -0.11244564084811348
1016780 -0.06963809688877606
10168 0.639679104266853
1016825 0.14176479480934895
1016826 -0.5079372979132923
1016827 0.14795082708853274
1016863 -0.6228869955980683
1016885 0.26781919918344416
1016893 0.07780660037568311
1016898 0.004989793732334896
1016920 -0.026989283870369037
1016943 0.3249719354537639
1016950 0.02279319080601578
1016952 0.014239294295279377
1016952 0.08567905748139103
1016952 -0.17744435350104792
1016955 -0.4032996434533987
1016985 0.002345168422784932
1016991 -0.4950618783306618
1017005 0.09569222488845407
1017081 -0.18827002377397162
1017111 -0.451445160805272
1017125 0.5239910125968299
1017139 0.19719050556406909
1017144 -0.2056508990797081
1017155 -0.4759922699483036
1017163 -0.45098363982105105
1017165 0.04808970903749262
1017166 -0.3061862178478973
1017166 -0.3241018617760822
1017169 0.043215085776127315
1017169 0.258727140221487
1017183 -0.037959291639677956
1017183 -0.39014549943703486
1017186 -0.16168337181727396
1017205 -0.5936147880772857
1017208 -0.2998226426093877
1017208 0.39083297008956547
1017208 0.9302605094190636
1017225 -0.2461598233662073
1017287 -0.8576763737557589
1017298 -0.03840544482255712
1017300 0.6258295302755587
1017309 0.4128145038483915
1017310 0.2054604569820847
1017312 0.4590827508320845
1017312 0.586610286226705
1017314 -0.07497650861768927
1017317 0.1690998853986308
1017319 0.6894860016723021
1017321 0.1249156910825702
1017321 -0.6718710131470251
1017322 -0.0969360541110856
1017342 -0.030477832916670708
1017344 0.34320127454008437
1017345 0.11430952132988165
1017367 0.06440329618265081
1017369 -0.15276549691163785
1017373 0.1777777777777778
1017373 -0.5229577884350212
1017373 0.5956137126206866
1017373 -0.678785514109139
1017374 0.5039500010979385
1017375 0.011067653620121678
1017376 0.27774602993176545
1017377 -0.13582792865642618
1017381 -0.10273253934334943
1017386 0.2944773189161885
1017388 -0.21750226137742223
1017392 -0.07268456890460155
1017392 -0.8928890519580409
1017393 0.4498087537061683
1017394 0.08603090020146067
1017398 -0.20045313296532957
1017400 0.8565866707896063
1017402 -0.05859433389096224
1017402 -0.33421811268981627
1017403 0.2574511497883884
1017403 -0.724256488661754
1017405 0.0676286456781152
1017405 0.2545549180000789
1017407 0.09481416575278855
1017409 0.326162535745481
1017409 0.37971192761436556
1017409 -0.5216103997838973
1017410 -0.6291884743069573
1017410 -0.9746337124480585
1017411 0.1550807017330785
1017412 -0.14087214501209985
1017412 -0.512132994638493
1017412 0.5690315585054826
1017414 -0.018709872077993375
1017414 0.09147134870820692
1017422 0.027969207121089974
1017424 -0.2087533991372983
1017424 0.25276656239604733
1017424 0.29796587691522614
1017424 0.37288532444001365
1017424 0.5953071170117786
1017424 -0.6285663063470306
1017426 -0.04681195602710116
1017426 0.3512013781424173
1017427 -0.11448213788688047
1017427 0.267899243353143
1017427 0.42729038426499766
1017432 -0.019849507302679186
1017432 -0.08942949086371427
1017434 -0.16324137095354083
1017434 0.28475805843183566
1017434 -0.36560566473805445
1017434 0.8127554543473875
1017435 -0.6852482888641928
1017436 0.0017916659201393619
1017437 0.07169713390642683
1017437 0.4125456433189317
1017440 -0.28465018844122314
1017441 -0.2216366554014562
1017441 0.27395608965338175
1017441 -0.4058538516854007
1017444 0.0067179486667138695
1017445 -0.169914764945949
1017446 0.10905518362415922
1017447 -0.005333504008192443
1017455 -0.1668097404904787
1017455 -0.2898276474148923
1017455 -0.6557395031520005
1017457 -0.04894788983222455
1017457 0.13968084468511893
1017461 -0.21405758434715605
1017461 0.369198510854431
1017461 -0.44842034894756677
1017463 -0.004332542181738237
1017464 0.06154574548966635
1017472 0.08396017041583781
1017472 -0.16590742592910526
1017475 -0.1890840918317323
1017481 -0.02593359774932172
1017482 0.06916486240570002
1017482 0.08268106308031117
1017482 0.9072318029944213
1017484 -0.6598341439793607
1017487 0.05695078861265899
1017487 -0.4991729748139843
1017489 -0.36746796283553174
1017491 -0.30787981228219335
1017491 0.5122606443085248
1017492 -0.44095855184409855
1017494 0.6489500549100468
1017496 -0.45865199973833315
1017496 -0.5730740877873466
1017498 -0.1388420269001247
1017503 -0.07451326990206716
1017507 0.020452399702596505
1017508 0.1995018672215265
1017512 0.1246788124985624
1017515 0.09900668825111437
1017519 0.424398660720481
1017520 0.2794276559718457
1017524 0.3344344558037617
1017524 0.6199718539995916
1017525 0.5553896933170314
1017527 -0.008551530077789988
1017528 0.01084333414387257
1017533 -0.8930581930190084
1017538 0.31037435330481483
1017538 0.39994084152892306
1017538 0.5925925925925926
1017540 0.535760665895812
1017544 0.28713245492749323
1017549 -0.39887843337240314
1017555 -0.2075011018722027
1017555 -0.409041776713915
1017555 0.6431479903477726
1017559 0.009145929424808274
1017564 -0.44660223008015576
1017574 0.2838794064981674
1017578 0.2802023493158775
1017581 0.0329698141959114
1017587 0.7022084070579053
1017593 0.016505955597916743
1017594 -0.18907578744173517
1017596 0.10503066029911536
1017611 -0.12207651862265226
1017629 -0.14511967214202204
1017635 -0.7326648576149768
1017637 0.5162547924281741
1017637 0.7229440390678198
1017649 -0.23426516170604597
1017653 -0.1754787720274234
1017656 0.10992601104397631
1017660 0.39636244098235157
1017664 -0.46281898859890175
1017669 -0.3390414140003501
1017680 -0.2838647521691291
1017689 -0.10535659020683563
1017695 0.6178811442613659
1017702 -0.01774149987321179
1017737 0.31580159509939193
1017740 -0.009718131682188687
1017740 0.07538378522587115
1017753 0.037358018671681016
1017774 -0.4222189912964811
1017775 -0.04146743001567463
1017806 -0.0352831698485614
1017812 0.3823468592908986
1017885 0.017478192708487765
1017908 -0.6095629457033389
1017956 -0.01996630755243756
1017965 -0.4303835780011534
1017980 0.06129999520145046
1017987 -0.543492976389406
1017990 0.07071736249529384
1018016 -0.015034429175081
1018051 -0.15329402965952807
1018128 0.02315861035581381
1018164 0.4543130458644256
1018164 0.5144653284811775
1018164 -0.5457607401403548
1018182 0.11688071185596853
1018230 0.006489995540833781
1018244 -0.017185380043415018
1018264 0.003811702547940138
1018306 0.008666767394348617
1018329 0.1839478874401759
1018341 0.018597683226329976
1018398 -0.14731391274719738
1018565 0.014274756774168276
1018633 -0.008170523655673818
1018690 -0.21667041532219722
1019000 -0.02354260089686097
1019008 0.013764930589925242
1019028 -0.4116535549077727
1019482 -0.26635903891890783
1019585 0.04067493204647066
1019667 0.22709998811830728
1019708 -0.29751423327446386
1019709 -0.2652946129712292
1019784 -0.07876859683268488
102286 0.1706733167748001
102419 -0.3663766709291078
102687 -0.19402850002906644
103003 0.21262575813923054
103095 0.5684573208037139
1031426 -5.825127367064988e-17
103185 -0.025603179088085688
103758 0.22485600745729667
10381 -0.6255715580029865
10416 -0.12198414760878719
104340 0.528071241407912
105345 0.1885618083164127
1053516 -0.12943545440790594
1057024 0.19790921051029609
1057030 -0.35591654541702233
105876 -0.17167901505579033
106509 0.7479902781185209
106649 -0.6835324294167013
106761 0.18527985607466374
106810 0.26228739507154974
106858 0.00697173116820173
106875 0.05761545131199667
106995 -0.2524059427875932
107232 -0.16129652291244215
10727 -0.16556238313779145
10742 0.27480916030534347
10743 0.1368905405987097
1074411 -0.05487201191886519
1076404 -0.018654782979238164
1076404 -0.5167928927703042
107746 -0.06734841511548464
107810 0.3396314290030572
1079118 0.17444177040087006
1080298 0.15322105042858306
108242 -0.0015615243520747297
108242 -0.3091986635794568
108271 -0.30528900559357963
108271 -0.4364357804719847
108292 -0.45820077126741293
1083817 0.4033210726801758
1084991 0.09318388040070485
1085759 0.059943679399617
1086186 0.12333547831682584
108728 -0.4141826762140362
1087680 0.10646108204609359
1087680 0.32366852060435725
1088955 -0.7078245024497807
1089630 -0.04193856306685493
1096538 -0.21690494109118807
1096538 0.6918694628926425
1096836 -0.21942064355027247
1107121 -0.0757097942480872
1107137 0.5285875690355154
11104 0.7736421443326913
1110646 -1.3798481268286572e-17
1111325 -0.2811642461859853
1119604 0.3819270263232731
1119934 0.46122366887148436
1124699 -0.2948920893333609
1131554 0.08547043234472847
1131657 0.12648320145366637
1131847 0.002814546237296458
1131919 0.008000256012288662
1132745 -0.09968895725584534
1133748 -0.8859414948132692
1137893 -0.001246003622267391
114052 -0.1791616488946085
1143314 0.11477965787659393
1151637 0.359760488975109
1156489 -0.31582142751399084
1158170 -0.9342043256419158
1174432 -0.3205391643932342
1177036 0.28711962187433904
1177236 -0.056270585691346915
1179664 0.3992507953715189
1179708 -0.8676603408708857
1179716 0.14370799697276374
1183310 0.01996807659577181
1183877 0.06443544133959928
1183877 -0.12036423012141231
1184118 -0.015066438819193268
1184396 0.06550280794721898
1184716 0.48531912747147604
1184766 -0.051289470413974095
1184929 0.30333098297078753
1184988 0.11522206861251474
1185133 0.198262896429536
1185155 -0.0727774121835747
1185264 0.6544816212490879
1185328 0.17848322336546843
1185334 -0.15240349681912363
1185388 -0.16213519653514122
1185392 -0.5245110547361399
1185452 0.8211053833817831
1185687 -0.3462197929646073
1185769 -0.00938220067026916
1185788 0.5989723595130138
1186283 -0.20589900701570485
1186290 0.9220953321680172
1186299 0.7984359711335656
1186311 -0.06745166708367538
1186361 0.5454012054832215
1186467 0.24420123527065277
1186883 0.1386439648100361
1187042 0.17920430732684978
1187042 0.7081612656812558
1187045 -0.32143589284697516
1187327 -0.2235700535548824
1197089 0.7786076737929505
1198987 -0.027719614300882187
1198987 0.5750740913183334
1199079 -0.32174472604389354
1199208 -0.08783670860764473
1200931 0.11384768829279306
1201137 -0.17718680675129894
12029 0.7076942298055626
12039 0.6171096926477955
1204409 0.7308178975742831
1204465 0.13297674426245956
1204465 0.20729780560564107
1204465 0.3671246655108065
1204660 0.11485152117683807
1204746 -0.24717366194506907
1204859 -0.08087693101032822
1204881 0.16235226246494963
1205067 0.26290682760247974
1205067 0.5436000574824174
1205129 -0.04226979154551529
1205132 0.1760262298625199
1205132 -0.3143721592674104
1205136 0.04022199447699606
1205175 0.43189869772625633
1205203 -0.037397879600338295
1205378 0.09365858115816936
1205384 -0.6618963635770365
1205460 -0.09329650014620622
1205615 -0.1733650191481932
1205733 0.20112717482264914
1206171 -0.4349056289250868
1207112 0.09286429107924633
1207112 -0.3868696468897974
1207112 -0.5754497458646145
1207829 -0.8514202182000765
1209182 -0.3199682691830188
1209204 0.008608542880371538
1212044 -0.008523277605422295
1212312 0.08690636576711684
1212647 0.3785527449185361
1213064 0.1054819263267845
1213064 -0.5602321485430227
1213508 0.10518084931683654
1213509 0.07254762501100114
1213533 0.8331911025852611
1213533 0.9325973140496022
1213731 0.270471536053609
1214404 -0.17631284231117822
1214836 -0.3420591621897715
1215042 0.264538151855461
1215066 -0.4660194174757281
1215380 0.25770304977901853
1215436 0.09409753580050209
121839 -0.056989729399043496
1219507 0.1879275203430836
1219588 0.13947530450957307
1219588 0.383207858238424
1220752 0.08768288008857239
1222763 -0.8476952849212684
122555 -0.04143851955875559
1230502 0.48285731222676553
1231790 -0.14096182177704128
1232545 0.40422769229976724
1232548 -0.325365669964691
1232549 -0.7826908981308052
1233086 -0.08749711181817293
1234445 -0.051552432148688584
124749 0.1109187107743604
1249720 -0.058031867060277485
1254117 0.0276818266179134
125621 0.14832376444964776
12614 0.29228315287571777
1267283 0.6371936598384997
1268118 0.10679667576248358
1275864 -0.32085695696635513
1276355 0.44575886848217505
1279258 -0.17003005679752053
1279705 -0.06051721165140677
129587 -0.485125197829055
13039 -0.18990004393338028
1304818 -0.3006495951437983
131148 -0.6040229387605298
131632 0.23250398110121162
131691 0.38273895035157157
1323056 -0.34750401002075315
1326147 0.2810906808491247
132773 -0.052981046418636914
1328326 -0.6396321850925384
1328365 0.165314960392974
132913 -0.22537014174841527
133473 -0.2999793739588413
1343261 -0.7740912568645353
1352660 -0.34577959895640925
1352660 -0.4675055028072399
1358598 -0.3947910454387229
1362196 0.6443253948975942
1369242 0.13684937384627419
1369374 -0.6920267933100429
139297 -0.3873668059580115
1393248 0.1832531550277388
1394725 0.6685189760849775
1399976 -0.12003601620810425
1402348 -0.7060102174495257
1402721 0.11295384370893029
1402867 0.2553687470896941
1402918 0.7431681173023456
1402924 -0.06805826336729706
140452 -0.09619721404877633
1419780 0.0355245571311716
1420043 -0.456673129516312
1426270 0.23616191143045318
1426492 -0.122906945911565
1427362 0.17157687336584115
143427 -0.3222698528475522
144673 0.5354795526016659
14547 0.2734343708098653
1459040 -0.1369306393762915
1459589 -0.13690718729450113
1460243 0.14043085323913165
14669 0.4191274604542781
146989 0.2719941920348012
14812 -0.0802662118062698
14854 0.0707142139177478
14950 0.6547920606621092
149971 -0.1713328606522407
1505612 0.3287139005647577
1505623 -0.1563171819758602
1506087 -0.4424220576293524
1510928 -0.0696022273069113
1515131 -0.4415243665091229
1517649 0.11652289992484975
1529858 0.3301651238532153
1531091 0.13163703920807385
1532286 -0.5924434273274294
1532308 0.1640005510427772
1532359 -0.04367782821078787
1532362 0.2264272639857827
1532579 -0.7216379721623759
1533176 0.07881104062391003
1533176 0.28779916493884067
1533307 0.2038440520921324
1533729 -0.40604855307562904
153857 0.3435259597840217
15401 0.19490178206822878
1540682 0.16773986942757088
1540740 -0.10026027186612181
1546075 -0.23131977599995235
1546915 0.061015430066615105
1547782 -0.2725993686877775
1555794 -0.41989973740606723
1557685 -0.3296902366978935
1559444 -0.26440136032562617
1564452 0.7399995525325298
1568531 0.3792406076177703
1575551 -0.22539930605365682
1575716 -0.11955353617837061
1575716 0.26050910695335405
1575716 0.29675347059334883
1575716 0.3022289211746216
1575716 -0.524547618694259
1576337 0.4668560667614428
1576602 -0.1714285714285714
1576742 -0.3811910241853815
1579977 -0.24672396337740132
1583034 0.02106196859307931
1585611 0.22183237336677505
1585635 0.3504383220252312
1585636 -0.21833151580486673
1585796 0.12876760655976052
1585796 -0.33775412200568217
1588853 -0.08414063238233425
1591642 -0.052345355399348086
1621616 0.3105155576900081
1625215 -0.4837261625611546
162624 -0.33928760817051495
1626710 0.09967767694757823
163307 0.807346117683691
1637199 0.18979089332840626
1642420 0.2504401555362587
1645798 -0.049898745904341325
1646197 0.0837777809299107
1646369 -0.2580078435576681
1646389 -0.1376664795484545
1647667 -0.21614640663908813
1648404 0.3608623409948651
1651668 0.37014392325289347
1652566 -0.12152543355977118
1657848 -0.8897349883268549
1661039 -0.10823141697777205
1665189 -0.6981600576879704
166591 -0.11767887510418341
166710 -0.3138421187918894
1667496 -0.23543217635998231
1667559 0.3674914209966055
1668113 -0.23488134646416634
1694772 0.41105599736171344
1695506 0.06744901843035743
1695513 0.06260721286989684
1695524 0.12081339604879161
1695615 -0.8224002166750722
1695976 -0.20364848192311547
1696691 -0.5209790848176508
1697056 -0.10492404292965736
1697063 -0.7863129732719686
1698301 -0.1688324578597951
1700894 -0.2057363005721993
1703397 -0.06534089819522813
1703397 -0.08342503721875659
1703397 -0.5366690907327024
1703611 0.5745981582621553
1705391 -0.08751899489873674
1705984 0.5376878725479057
17060 0.019039228094057916
1706813 0.1420906998890341
1706824 0.011402163805454885
1706868 -0.24274694826631307
1706868 -0.3577719217540772
1706939 0.02091722696856465
1706987 0.1897680288191474
1707025 0.17037776824054385
1707033 0.055830865343769215
1707033 0.29252866921444326
1707046 0.10178490286593467
1707060 -0.10269943239775219
1707125 0.029197858123689188
1707233 -0.19834183922456694
1707241 -0.09190182776172603
1707246 0.14426478768023956
1707628 -0.22108136396765374
1707656 -0.07361854418200808
1707890 -0.15049536300654792
1708543 -0.5661385170722979
1708568 0.2270908669467702
1709743 0.08728715609439697
1712037 -0.16070243474154136
1714234 0.18103715777466445
1726277 -0.3304639363528302
1726534 -0.08872746411481909
1742446 -0.39247764550854836
17426 -0.182457263513851
1743147 0.11089246607844774
1744511 -0.049907663817785296
17454 -0.7200379201552575
1746285 -0.08408749651825215
1746285 0.13869716452555814
1747299 0.2933491916333946
1748534 -0.16523351438412698
1749065 0.1011070031157831
1749129 -0.22850354046128407
1750693 0.4967700642760449
1756449 0.3528260822374552
1758144 0.10667614941253298
1765144 0.4142278856230407
1765144 0.7781481948603736
1765300 0.2701290676947145
1765300 0.30212721315414437
1765324 -0.3416921668077585
1765628 -0.23310906464405315
1774402 -0.07557086549031782
1774917 0.5473246478576547
1774994 0.8185885691443898
1775032 -0.49940107784452614
1775359 -0.1807105521980186
1777316 -0.8372758970823486
1782979 0.6839412250086504
1783456 0.4969039949999533
1784346 -0.5676567244564472
1785304 0.09164418265774212
1785652 0.2561430345214257
1785682 0.7025826990323574
1786180 0.16128543340922974
1786464 0.7139491146488571
1786579 -0.17370286255096304
1787483 0.06790842848065369
1789763 0.7707504297109398
1790301 0.2889394891690692
1790439 0.14436618015670175
1790440 -0.7557245146652501
1790526 -0.1737612408929043
1790558 -0.2788129252322662
1790616 -0.8373821663562597
1790617 0.40292050147667297
1790664 0.5410959256627541
1790715 0.025184310025465752
1790913 0.16452254913212452
1791034 0.17146211759516453
1791538 0.36267004144473575
1795572 -0.2039059198153984
1795572 -0.4662907939514555
1803948 0.06667880103152149
1807230 -0.168325407008136
1808937 -0.30713749773604404
1809036 0.3979799036997075
181165 -0.13171490974052083
1817266 -0.1362306635027918
1819301 0.8803686294269353
1821724 -0.14179608877946417
1821733 -0.06040321205702275
1825250 -0.08225161211526648
1829023 -0.009064643860815076
1829518 0.27741669158223337
1829672 -0.14890247043403085
1829686 0.27821678625250446
1830127 -0.09979487157886734
1831427 0.756198347107438
1832177 -0.1256276757930754
1832888 -0.1535553894261312
1834493 0.09309250937259346
1843211 0.24455429911168816
1846639 0.5937354270767813
1847777 0.3339227826590469
1854359 -0.047000370442249376
1857106 0.19891082015305392
1865994 0.33495710424208486
1866922 0.17771244979327835
1868538 -0.1483562246014317
1868630 0.22829955276155284
186870 -0.03869116162670682
186873 0.3236908306779682
186881 0.06865715340592494
186885 0.10386282547495926
186886 0.401232486615267
1869674 0.18993202183087116
1869895 -0.1667725876603052
1870133 -0.2284931015046802
187039 0.3764122509560352
1870987 -0.026848056327710854
187294 0.3992530763232523
1873117 0.49891753737969946
187334 -0.2020772070613633
187334 -0.33545114775101376
1873585 0.027720562932731427
187375 -0.13908459433199497
1873775 -0.2697815494246992
187449 -0.41653109917758396
187536 -0.06581680908527965
1878981 -0.05829105130669711
187943 -0.06986670116874982
1879591 -0.44781575276433616
188044 -0.8872621047656613
1881235 -0.12414088329035518
188431 -0.21499353995462803
1884536 -0.1951026082751059
1887081 -0.4379193306539881
1887118 -0.10464675933625392
1887121 -0.3999504224419174
188844 0.509315634715892
189084 -0.2042300247275742
1891575 -0.31586902765289515
1893622 -0.16704842232433
1894247 -0.6234463539636544
189682 -0.24056932402491618
1898187 0.11366572324507891
190120 0.7917269111451888
190247 -0.1464665144812837
1903110 -0.588407922667537
1904946 -0.0784982282028449
1904964 0.15143226136663834
1904968 -0.2703848476596985
190644 -0.06839855680567691
1906907 0.15547420081228044
1907260 0.6332475868613036
1907260 -0.7714787992091031
1907260 -0.8171775841931976
1907894 0.2906042500385797
190801 0.13019226127763286
190836 0.014735389047127637
1908363 -0.7959320658216636
190883 0.5308087952570262
1909000 0.0
1909126 0.17092152084120274
190965 0.0037264694363180026
191058 -0.4198863250922249
191130 0.011096854340913858
191709 -0.08925912721241004
191764 -0.09760937615627159
191764 -0.16789540016977153
191764 -0.4014979623015032
1918899 0.1146752721968142
1919168 0.5349397303212555
1920856 0.1933829827621294
1921381 0.21168027704169867
1921412 0.14079680861341196
1921545 0.20148927065402153
192557 -0.16352065759817463
1926308 -0.45519853052707465
192636 -0.03988656436765215
192652 0.07952427724875447
192672 0.3180738282024373
192680 -0.1874944888717186
192745 -0.19839663195666885
192754 -0.04350654108835911
192780 0.4474784540339843
192789 0.05710767722783235
192844 -0.38072755577331835
192870 -0.42933514506129944
192951 -0.00923908267854179
193280 0.7529932885360189
193654 -0.24594055651142827
193670 -0.8653715528767408
193861 -0.5459718092459431
195360 0.3068788874587892
195360 0.5248174475545007
195362 -0.07131777518918272
195365 0.5805930888946823
195367 0.5919040043371478
195379 0.38663141295534886
195677 0.07580980435789034
1963635 -0.27775007879624425
1967792 -0.10047163529794782
1969089 0.2239720871856307
1973079 0.27990637425321047
1980858 0.49391118627972497
1986874 -0.14282425415334418
199097 0.4657088523986765
1991455 0.07494500514621
1991456 -0.0802787838498595
199223 -0.538047814590649
1993176 -0.18732834109248436
1993518 -0.4477004912299009
199357 0.5010886143955939
1993633 0.09615204043085981
1993633 0.13703774196550633
1994996 -0.0545544725589981
1995244 0.03319786733127199
199665 0.8352944778167373
2000554 0.1330779365513514
2003973 -0.09236401728846654
200687 -0.05125846635527749
200776 -0.034077710054823795
200776 0.30599564267050167
200776 -0.47673129462279623
200776 0.7294036122954354
200780 0.2683310597608833
200786 0.3473318136313318
200806 0.8829628968976532
2013246 -0.5417363388859613
2017661 -0.5856442973164196
2017661 0.5884531589817339
2017661 -0.7559927025188856
2020978 0.22928354386599933
2023242 0.21906676162177266
2024172 -0.15093188805827806
2024256 -0.17632417450991503
2024406 -0.17326549080878048
2024440 0.1884229507664839
2024717 0.2658193769305473
202604 -0.01378163717657871
2030728 0.6540977449456918
203223 0.007920807608695964
203306 -0.004435647585617832
2033526 0.05570533606360494
2036783 -0.85331084659792
2036890 0.5899617952956504
2036943 -0.2133470951688421
2037192 0.4891995904702285
2038044 -0.05256464169139752
2038044 -0.05975809584458907
2038044 0.06095337611766589
2038044 0.08114704659834841
2038044 0.12958993508876332
2038044 0.2002764341333156
2038044 0.2267307035481909
2038044 -0.2412130138660147
2038044 0.290262450376561
2038044 0.3272337740813408
2038044 0.35722734608839113
2038044 0.357445289451467
2038044 0.5749649621030632
2038044 0.5862068965517242
2038044 0.600692555263933
2038044 -0.8120002474587907
2038666 0.6442760493296712
2041133 -0.03136507342239025
2041133 -0.22994826745907793
2041142 0.4821260422141847
2041368 0.4059441658055259
2041550 -0.9318566890885587
2041575 0.38866704126477863
2041633 0.18015824844372502
204213 -0.5082489797730175
2042605 -0.5723117252028889
2042818 -0.8528362608707509
2042881 0.2461995616119798
204339 -0.6609473073561486
2043510 0.03458342506225409
2044480 0.10121611544375698
2044585 -0.19275397447580317
2044781 -0.07407759269481048
2044781 -0.7131130231085631
2044794 -0.24252769942402305
2045324 0.35209214545362805
2045478 -0.5279182147809547
2045489 0.06061723232793455
2045574 -0.09570732259820035
2046887 -0.07595545253127495
2046887 0.16119823452028567
204714 -0.9643453024652419
2047383 0.3623906033334817
2047426 0.049242192413390236
2048228 0.09393364366277239
2048229 0.5746404442881132
204836 0.7301590569252883
2048419 0.24457546893355592
2048482 0.7041739806329185
2048847 0.05675551304109883
204927 0.16893567590947195
204927 -0.32211910735217186
204927 -0.47453453906515675
2049293 0.08446717229993576
2049302 0.0725512586106643
2049302 -0.09558969555196481
2049302 -0.15513317718605157
2049302 -0.9002756367784496
2049685 -0.03693382732411515
2049778 0.15114392687720546
2049813 0.11898953286750942
2050068 -0.1058499928236053
2050553 -0.12171612389003694
2050640 -0.7790522951704327
2050693 -0.2682052777267089
2050813 0.7539502052591247
2051186 0.24009207662970744
2051195 -0.26370187863262123
2051435 0.17164310903119076
2051482 -0.19631038437044399
2051516 0.46982410951073067
2051534 0.837013569768335
2051567 -0.13004297964956538
2051888 0.4809199598221431
2052075 -0.29359033736702944
2052545 -0.12048289933537483
2052545 0.3240510558210494
2053092 0.1207386511001698
2053261 0.07443377732307487
2053312 -0.11861264630386009
205341 0.6533412676682561
2053560 0.4816437234393306
2053697 -0.038884463632683844
2053988 -0.023711155403200467
2054849 -0.5906344566749425
2055093 -0.21915006885696248
2055406 0.3846803746451485
2055560 -0.047122099411133565
2055833 -0.08186191730378777
2055835 0.10695340092890228
2055835 -0.37506227136683395
2055835 -0.8321076135559564
2056423 1.443255756121036e-17
2056730 -0.010675210253672485
2058190 -0.07384515670505035
2058267 0.5686639734351583
2059432 0.47280542884465016
2059513 0.23271148943498413
2059643 0.23904572186687867
2060471 -0.5497763750422568
2060716 -0.5948905250902096
206078 -0.42896059000888725
2060823 -0.0739787830581302
206301 0.3773333045092626
2064589 -0.25656023683189016
2065210 0.4164368471845187
2065616 -0.06627917866934575
2065769 0.009393732755177343
206578 -0.02422261218939888
2065896 -0.024612497953872565
2065919 -0.029305798817590396
2066511 -0.4845882083250598
2067240 -0.3333407409876635
2067582 0.7904759563362671
2068706 0.16985846836244137
207233 -0.902806686314424
2073865 -0.8073082738786048
2073978 -0.45706604577423243
207437 -0.01644879237399424
207497 0.9137911314951334
207511 0.1310248879281019
2075500 0.007975790340283723
2075553 0.10434726250618027
2075595 -0.38684871843456703
207595 -0.0758315981787683
207657 -0.2888058993792715
207687 -0.052489065916782374
208088 -0.1768048870989525
2087456 0.698412714923012
209110 0.5237317909403152
2091171 0.031986923575216444
2092575 -0.30565645655307344
2093934 -0.3344927571238747
209537 -0.5122608776726173
209740 -0.7003400534570263
209952 0.5190148908041625
210415 0.031962702005410314
2104404 -0.42072614550380577
2111287 0.09489657312661696
2132006 0.15185298266737066
2132795 0.35032452487268534
2140982 -0.9387522374226281
2144165 -0.5549158828557362
2146199 0.2708212861592989
2162869 0.04811861422251094
2163450 0.3650512354284827
2171183 0.27558354592239026
217371 0.28363045645468216
2181234 -0.6691701560804233
2182210 0.5361578890315579
2182477 -0.9545694434346198
2182544 -0.27330532178576844
2183792 0.01705853873092634
2184501 0.8632400523843475
2184545 -0.05864826082430454
2185797 -0.5674067191568997
2186493 0.8085271895342891
2186560 0.48223971556626166
2186560 0.5237229365663817
2187337 0.05702659485122013
2188341 0.09108786847960122
2188445 -0.34117754381277265
2190170 -0.2928289471185036
2190304 -0.8069988985798932
2190307 0.4885978776103815
2190320 0.12880369784312948
2194883 0.3375385780420761
2195255 0.45725952762084365
2196815 -0.8944271909999159
2197738 0.018222021256182386
2197745 0.08565585426409718
2197745 0.4225015159709526
2197745 -0.4282607851104276
2210304 0.27201259723089427
2219037 -0.5431467777139604
2227208 -0.39009474880274697
22411 -0.051809771144081695
22470 0.3934389543046799
2249747 -0.0454221159729488
2249747 -0.09208055177534427
2249747 0.13459804055704946
2253202 0.06652560930465656
2257342 0.16635249736438604
225867 0.017125809719100615
2267296 -0.13535365043848238
2269598 0.14930145325928917
2269619 -0.3071157374811995
2270156 -0.07518696988984218
2271464 -0.0832484379024388
22845 0.0675508934384033
2314522 -0.5172371201429626
2315522 0.3506221487717582
2316554 -0.08466082490384336
2316942 -0.4399800806403049
2318989 0.02643505285727148
2319559 -0.3511692195806508
2319617 -0.017054817003221697
2320109 0.15590239111558088
2320217 0.17069397988868149
2320239 -0.17879963496303786
2320273 -0.19875724220194654
2320300 0.6889204798982314
2320399 -0.09575631349087974
2320405 0.8421177389454456
2324248 0.2735992272542738
2324317 -0.5537447892436714
2324441 -0.12375471373103675
2324537 -0.09997028673237035
2325440 0.0
2328344 -0.24419134015186658
2328430 0.11160263476877236
2328523 0.8731678504777874
2328646 -0.02555399831569169
2330015 0.036596906257588234
2330971 -0.2977323441089032
2331358 -0.47742502943516046
2334352 0.2969583498722919
2334388 -0.3294474658218665
2334400 -0.225651456099048
2334833 -0.28631871985824575
2335086 -0.623325058053765
2337580 -0.07881444021587214
2341274 0.2923526731023431
2341872 -0.6084788574364098
2349445 0.1267766755542622
2349445 0.13171584244345805
2349445 0.7011562676977533
2354211 -0.3629705351931167
2354667 -0.12792235202693716
2361278 -0.08281051710003005
2366072 0.11121286123418334
2385938 0.02190364605582692
2385938 -0.33557802760701216
2385938 -0.5575040903982775
238645 0.028191230629411267
238645 -0.6068201737348914
238700 -0.593456133761087
238742 0.39663908476009013
23875 0.19367292771432396
238756 -0.3504565129111748
2389268 -0.012816721451859603
239341 0.2604229462308557
239345 -0.20682457143816746
239457 0.12821458561166166
239542 0.03912927904356148
239690 0.4343722427630694
239747 -0.35741364128701614
239790 -0.09397617644451406
2400221 -0.6216959602686363
240221 -0.31051523203046755
240248 -0.263916163380594
240723 -0.010708516416135445
240905 0.06350006350009527
240969 -0.3100207832532978
241080 0.10684219471738081
241221 -0.14931026012016863
2412478 0.16948243152576944
2416844 0.10670585088860587
2416844 0.3118976227221968
2417216 0.6953494597332486
2417217 -0.158910431540932
2417227 -0.16247247889198468
2425439 -0.17248496322273366
2425556 0.43896586416295763
242891 -0.5597866111041494
242942 0.03589212680387772
242942 0.11574074074074073
243578 -0.21760548095600693
2436659 -0.03205075159337294
2440441 -0.054598807773596145
2440785 -0.4431293675255977
244524 -0.4808556156523194
244764 0.40280315791286647
2454321 0.47036812132709027
2454903 -0.1698415551216894
2456154 0.19642857142857145
2457708 0.4928053803045811
2457993 0.3764284800719676
245941 0.243669858620224
2460949 -0.26481050123581545
246149 0.03318159794312052
246186 -0.25724787771376323
246338 0.5450865450217846
2464523 0.6658669542751618
246974 -0.25470793943761993
2470766 0.12299480453681191
2470771 -0.2567389793366241
2470777 -0.7722986382788353
2471788 0.6426812855711186
2473464 -0.16102910342189547
2476166 0.09671744643074903
2478935 0.6794206407485048
2480120 0.16970562748477142
248282 -0.4994985639436929
2482966 -0.19524918239576056
2483101 0.16115924196615616
2485160 0.07594291238676298
2488730 -0.05763904177042351
2489871 0.3753472301002379
249439 -0.7634671858264397
2495758 -0.24497417867970966
24978 0.07803812813330799
2497938 0.4183658829359797
250072 0.32147633605717313
2502253 -0.3980169264335265
2503371 0.007089702772214068
2503477 0.4697465768859916
2511910 0.15990053726670786
2512030 0.15811388300841894
2512328 0.6581812982765048
2512880 -0.12731341267124782
2513212 0.4074776984236605
2513506 -0.007624676340149064
2513781 1.0646223935437328e-17
2513788 -0.25242887813064974
2513796 0.12595755945249223
2518402 0.6302283286689795
2519556 -0.14813761495575967
2530235 0.15078583247169602
2533644 0.43476011020945615
2542238 -0.03365384615384613
2550281 -0.3372860791162146
2560149 0.35315631297184585
2572524 0.0
2573679 0.5959017581109841
2574922 0.11379963263176873
2575034 0.7022485955042135
2586240 0.14127097015990117
2587714 0.08496227317903612
2594237 -0.14809423619993017
2605993 -0.20726255445729044
261281 -0.304145976592473
2618454 0.235324402412307
2624244 0.6656771386206308
2629495 -0.10688380103917344
2631209 -0.1682296219133834
2632541 0.8557888352604887
2636670 0.05780643699810464
2637443 0.2520859455755868
2637790 -0.2811877933951381
2641624 -0.3379108824764094
2643443 0.15780415200208173
2643457 -0.04129955231527934
264349 -0.4886218455896577
2646202 -0.6477911531955323
2649113 0.2887328869480154
2656482 -0.44660139316572334
2658621 -0.5628590807898423
2664308 0.5483933850637299
2672127 0.47655299981686733
2673643 0.19544077624852604
2676731 -0.110871074247953
2678941 0.11050735128393005
267988 0.1545924800767403
2682467 0.4613873153329813
2690673 -0.22941573387056172
2693257 -0.03978541911959669
2693870 0.2659776853427317
2693870 0.2999443514251499
2693870 -0.44547949955059124
2697766 0.06205147088106659
2697766 0.2076639410953263
2697766 -0.33511624394583184
2698029 0.2774018239229885
2698967 -0.006887548923294783
2699972 0.19291571253451556
2708783 0.5120481927710844
2715337 -0.45410402844374437
2715338 0.26100553577305324
2715338 0.32099037233256567
2715338 -0.7423074889580902
2715338 0.7558630428644432
2723776 0.23622490243735328
2723809 -0.019730045701231325
2725731 -0.12663464105607944
2726375 0.5316645008444738
2727908 -0.06196971660197946
2728830 -0.36867645720480635
2729030 0.006885262925153786
2733628 0.07999629777767299
2733628 0.19894835324539392
2740071 -0.0809776330178916
2748884 -0.6104380749732126
2749246 -0.11086437250491737
2749321 -0.27865674471713914
2766193 0.5853114511218102
277269 -0.2726046973718616
27758 0.36337368834843947
2778732 0.46962897956377775
278338 -0.047628967220784
2792215 -0.1854180532422738
279601 -0.48666426339228763
280030 -0.36897936058974484
280274 -0.06286638104496824
280275 0.17275450780928805
2808806 -0.4824433103474058
2810725 0.3800454822472011
281137 -0.21030061465561564
2811400 0.08928660402432333
2811631 0.003698279479821378
2811867 -0.07500375028127342
281476 -0.014864240558156584
2814931 0.031085295706374715
2821646 -0.5886650060803956
282167 0.7782233036967389
2822804 -0.5982064125154656
2829092 -0.45405715945773373
2829113 -0.043213581570144294
2842826 0.3228819757907
2842903 0.11021025247790595
2843287 0.9388855124793324
2843306 -0.18304005085223557
2843696 0.5605869109792718
2843711 0.3992918259420683
2843782 0.08639973900406261
284457 -0.18746231318067405
284458 -0.26321292854195816
284458 -0.4997661120437227
2847149 -0.02905871453429937
2848356 -0.33161066891587127
2857309 -0.29707735421632586
2857680 -0.02269885831586135
286184 -0.19091346226412628
286646 -0.010279278535093231
286646 0.17348735031454737
2870473 -0.3923489887048633
2880304 -0.13178258210247792
28930 -0.730999695416857
2894822 0.6626283447656381
2899353 0.6968480835774924
2899441 0.2027101064210499
2899568 0.10457596752302646
2899898 -0.11504474832710555
2899898 -0.5193481576809487
2900863 -0.2552798603558279
2901136 0.0905187146631935
2902999 -0.3898405877927252
2916455 -0.13144017308774597
2924723 0.44712908003185
29314 -0.29081484064554125
2940146 0.029319588404655594
2940146 -0.12213740458015267
2940146 -0.1987060008065053
2940146 -0.4061280854733527
2940146 -0.5695557075290557
2940146 -0.575053930428063
2940146 -0.9231128883187325
2960570 0.32894231361331305
2960935 -0.3202563076101743
2977228 0.2229562789688284
2977228 -0.29708795551115336
2977228 0.44482389645822606
2977640 -0.16754156331667816
2978026 -0.13739601720694897
2978198 -0.21494196007305363
2983696 -0.13602032587811194
2990498 -0.16253960996504702
2990795 -0.13741694013162856
2992072 0.38356237828965417
2996899 0.08770580193070299
2997399 -0.12208406092524178
2998264 -0.4355903112410973
2998272 0.27296096937187025
2998319 -0.49033278538788366
2998510 -0.15474488124556296
2998510 -0.16090938347187222
3001173 0.12989718332941097
3001476 -0.031104631654389554
3001476 0.08399850670648773
3001476 -0.13710212427677046
3001476 -0.32035160780797184
3001476 -0.4366214583278522
3001476 0.5566522713077472
3001476 0.6319660784337017
3001476 0.7274328235102926
3003717 0.4318584323139577
3004482 -0.02429730632101952
3005998 0.9112782616607502
3006268 0.004454354031873768
3007836 0.17298457770026032
3008747 -0.04626138424612633
3008867 -0.270718027126616
3008887 -0.022703128311575213
3023805 -0.37920666614086324
3023952 0.10854989651099854
3024478 -0.4117222032564463
302802 -0.593356528057614
304022 -0.5015882631942084
3042197 0.2565488407541685
3045921 0.26913539795772395
3048212 0.2931809273806454
3048424 -0.3849406080276327
3048675 -0.5495239811062068
3050837 -0.3711052392056737
3054071 0.16843245093253978
3066221 -0.18018410225182735
3068475 -0.7745160786290569
3074655 -0.5067911605056783
3081189 0.012573892269238674
3085625 -0.13131156672999053
3085625 -0.3148515529995961
3089276 0.11762020993146277
3092976 0.6285716224942445
3100237 0.6360226367383423
3101420 -0.722153624310322
3101421 0.03656362120635652
3102029 0.19293661761242645
3102033 0.034243362567437124
3102033 -0.055776343531644956
3102033 0.22107210383127784
3102033 -0.2589848851414061
3102033 -0.2985726516250077
3102033 -0.3708223816448394
3102033 -0.7293112739660335
3102033 0.7513054840167139
3102369 -0.6161409170227454
3102702 -0.201372014839328
3102702 -0.27011620293289723
3102921 -0.11706899225807046
3103181 0.6272925433634211
3103213 0.04372333470402093
310748 -0.47781834484381197
3115109 0.6772577482420978
3116466 -0.01758297644160687
3119036 -0.5595473135598669
3119139 -0.1379372641506698
3120512 -0.16202207521401968
3120512 0.23202381055780966
3120512 -0.4555205843781177
3120512 0.528228761809008
3120512 -0.6942789840628774
3121637 -0.415900195928029
312293 0.424224867348021
3123542 -0.6000991981489789
312379 -0.22005734272417482
312605 0.9093305161368113
313255 0.10568506326772963
3133255 -0.5912255951719394
3134119 0.03141061261678372
3140521 0.0896469876881296
314339 -0.2068218084412837
314360 0.06150208053525902
314370 -0.4276125570936297
314624 -0.2337114772985157
3165770 -0.04248308880277655
3167706 0.44727135637788695
3167706 -0.5152046700886409
3167706 -0.5795064108854713
3167706 -0.783134505524781
3167707 -0.4416657833359833
3167708 -0.3720424497494667
3167710 0.3472824673870076
318268 -0.42784110671307296
3184503 0.1211079914533708
3185668 0.19623899044147272
318735 -0.11583671557208768
3191798 -0.13132215723949986
3198967 0.09669492928747275
3202535 -0.3763089045031908
3202541 -0.9304762007852064
3202690 -0.15498594368475663
3202859 0.021466939537054603
3204212 -0.27383944930942117
3204247 1.8299495621285132e-17
3204904 0.41545564708257876
3209342 0.6191054954675717
3210270 -0.42118152207211623
3214912 0.22194838080923762
3215035 -0.01695239950649127
3215035 -0.4595466811406854
3215298 0.22782528702526886
321538 -0.4029114820126901
3215506 -0.8436259750034711
3215609 -0.44182233044240754
3215680 -0.32734036656812193
3216029 0.06593790735605846
3221014 0.21587691453934021
3221059 0.5114137701226568
3221206 0.5170294005375711
3221515 0.0063799180211320874
3221525 -0.7768171898913153
3225927 -0.2769558547034986
3225979 0.561692567016396
3228288 -0.3655090121250965
3241886 -0.01979611915328094
3241891 -0.01047975562534122
3241939 0.2283962366091772
3242094 0.5454823740581939
3243854 0.1690107875397161
3245424 0.11843829200562754
3248354 0.01655392258304355
3248659 0.2086825030920757
3249018 -0.7122300557962608
3249634 0.08001778370589933
3253989 -0.08513387896883275
3253989 -0.2660520182548504
3253998 0.3716523112413292
3254184 0.05894086315593189
3255297 -0.4918693768379648
3255832 -0.7981464617156904
3256324 -0.3056797704203553
3276339 0.27147331716589773
3284762 -0.29538181924997226
3287523 0.16988748679765725
3289433 -0.16617226688007375
3291372 0.6246950475544242
3292113 -0.512989176042577
3300332 0.09463910756499459
3300443 0.309855193747633
3300540 -0.08335536170626195
3301332 -0.0006119916658367422
3301904 0.6040796973096799
330532 -0.0854785239135719
3310919 0.5777898057275231
3315846 -0.7583649325305192
332079 -0.5195358848141512
3324906 -0.5690721186359536
3346478 -0.1793498073136925
3347771 0.06973073954318444
3355563 0.0036700275040231945
3356352 -0.2151318544187536
3357190 0.4414972096132168
3357967 0.13204956044075725
3358186 -0.08500063086639831
3358187 -0.23326793054682557
3358704 0.18739545580452927
3361652 -0.38334987035109586
3362705 -0.1019353692451868
3363012 -0.7318708988242669
3364394 0.15644655469368599
3365865 -0.40216206625417866
3366028 0.08793949030788469
3372945 0.12297541435811721
3373204 0.4774375160376137
337413 -0.39873442678366333
3377853 0.5249506569572601
3380117 -0.04008552149242444
3380489 0.11792772530224345
3380626 0.26468236986900556
3380720 -0.34556573429443
3380986 -0.021742170626003605
3385340 -0.3673371799171451
3404798 -0.12422363206715153
3405870 -0.3845158716113975
3405923 -0.04674961983623441
3407141 0.4792943845713171
3410201 -0.3827659079120556
3413630 -0.5036452487469388
3414473 0.1572427255082878
3415443 -0.03305333637332225
3418295 -0.31885141659740673
3419398 -0.17222979886792977
3423140 -0.1625178678184572
342685 0.43975575907082787
3426995 0.02292348303855725
3429194 0.1358135589444179
3429514 -0.15918226463633708
3429558 -0.14187977350514108
3435247 0.1449525039468349
3435247 -0.17282202747968695
343811 -0.3263202309797034
3443002 0.24841727630389546
3449533 0.1623086135160589
3449533 -0.16409811543513142
3449744 0.10551336327082939
3450001 0.7599600036237174
3472501 -0.12230573961093619
3476640 -6.106028192746737e-17
3476805 -0.09999999999999996
3485975 -0.20369874861335677
3485975 -0.5220624355486814
3485975 0.5764429131846484
3486095 0.4900689529641423
3488939 -0.6506594072428191
3489138 -0.2685857680246174
3489163 -0.19355241528469094
3491092 -0.18947158481401524
3491901 -0.07510820516307036
3491930 -0.6485816893588732
3491983 -0.9651717370670134
3504330 0.6144536686249372
35066 0.4999999999999999
3508832 0.47346487346902383
3517715 0.6274130707769127
3528156 0.37802057440819675
3528276 0.01866867668609204
3528283 0.3489315788994266
3528309 -0.02846996111155217
3528309 0.24645159413017656
3528309 0.5231662343280823
3528309 0.5270112193838289
3528309 -0.5549720172531694
3528309 0.6608186004550898
3528309 -0.6697526827062635
3529579 -0.3299179426872855
3530164 -0.30479451936622126
3531334 0.8456547903096927
3531399 -0.5690197002396369
3531406 -0.13864332916236619
3531415 0.04192365443159612
3533092 -0.253546276418555
3533193 -0.7069377314695395
3534730 0.16310273285786037
3535051 -0.19151734233073647
3535732 -0.4547532524501813
3544749 -0.014496644817680109
3551453 -0.006755927892508529
3551678 0.18932438135328966
3551960 0.6312633433543408
3552074 -0.16245975248455793
3552111 -0.8829405033162483
3552490 0.1126872339638022
3554161 0.2820512820512821
3555181 -0.2896454014419832
3555192 -0.11081025026876282
3555995 0.33643229886711595
3556613 0.12054051908966598
3556755 0.5128776445321724
3556970 0.730224625950687
3557187 0.08665660483455927
3557620 -0.1510509824098722
3563982 0.3600167355419208
3565977 -0.762267531191388
357999 -0.6855413008929754
3584639 -0.07271106870792056
3584641 0.0722315118514615
3594944 -0.3070207565726508
3600836 1.649489763112959e-17
3605870 0.15401839431732317
3609631 -0.41771547198882536
3617450 0.08915811418798836
3617794 -0.028922034680717183
3617794 -0.5454545454545454
3622031 0.7259222615056706
3622034 -0.2705710091761466
3622327 0.12976570760768436
3624933 -0.15390664125243383
3625150 -0.20113890667166925
3627280 0.19635438847033604
3628059 -0.4708166122012913
3629109 0.7055727739378136
3629467 -0.16719816971255388
3629552 -0.16185414609697762
3629552 0.35675017266593634
3629581 -0.2858358404041986
3629923 -0.1023101558024488
3629923 0.1391674851853202
3629923 -0.2028256758762126
3629923 0.2732052100415814
3638692 0.03569942024612277
3640095 -0.09748670001801486
3641570 0.4710847438040065
36417 -0.5948325317454021
3647466 0.3071374977360441
3648086 -0.02358438091583867
3648096 -0.2649764982810914
3653350 0.22006665676378925
3653892 0.7113721236685359
3660275 0.13693014246130383
3666877 0.023350723124715263
3669839 0.170341023411943
3671445 0.005349506156386416
3675290 0.03455368453594705
3677701 0.18135701102660734
3678014 0.20632540534975363
3678305 -0.14776164446525558
3678305 0.3181454698511064
3678305 0.8579752413521035
3680107 0.680725148418058
3680204 -0.4805556299442692
3691781 0.0774048578878082
3699410 0.06681333705093359
3707275 0.14433234703782327
3708439 0.5564197687704538
3708806 0.03914801463431356
3719146 -0.08758424150924671
3728164 -0.2245636134073201
3728532 0.03087243316036697
3729090 -0.8008771908846811
3730110 -0.13081398803354571
3732881 -0.4763930673403309
3736205 -0.03546496828075952
3738666 0.005753591361864515
373895 0.05105003166926164
3739895 -0.04354889706426016
374012 -0.101574900036674
374012 -0.1562690769794985
374012 -0.16955919157625723
374012 0.23883135725844026
374015 0.03802956468926196
374015 -0.32207831320041547
374015 -0.3615913429822787
374015 0.3627491738701362
374285 -0.38337225942634245
374285 0.6923494970655765
3775073 0.3139015800444423
3777171 0.18023138539653827
3777171 -0.1817194482328509
3777171 -0.22222533281386467
3777171 -0.582086439467348
3777171 0.5915606553503762
3778755 0.004907624519055882
3778755 -0.1279969529115772
3778776 -0.5582581606327341
3779434 0.010400316174417657
3779777 -0.11296093179221241
3779777 -0.6284574330266806
3779890 -0.42066707063154535
377992 0.5687401397252119
3782186 0.0
3782248 -0.047856169071836936
3782569 0.5943962929568426
378328 0.2224994626295496
378462 -0.6845117282775025
3785030 0.23031526546558187
3785042 -0.14769045641714784
3785472 0.1694691322462675
3795229 0.08797691788472337
3795312 0.522451985321899
3795415 0.17594901769045324
3796600 0.5284193913361778
3796850 -0.3506209847022298
3796850 0.5847653071072912
379758 0.4161251892882396
3799374 -0.25331146537232024
3805635 -0.22625976497224318
3805727 -0.1182942326868555
3806278 0.5408784598949573
3806397 0.03613321580392052
3806553 0.15573256428553203
3806685 0.1598527672163044
3806889 0.4394353744020411
3806912 0.22859848324733223
3806912 0.3583951740264367
3806912 -0.51569662807863
3807854 0.42973856453559367
3809130 -0.6887287551117566
381540 0.10528328266435599
3817933 -0.2982341754835988
3826091 0.33146165402225186
3826364 -0.25802550936428936
3827845 0.5016750465679883
3828036 -0.17589144984044533
3828128 -0.2927700218845599
3829661 0.12465421787147503
3834634 0.30829471668156744
3835878 0.35233213170882205
3837152 0.5181413112949194
3837154 0.1498800269015937
3837818 0.38258247988704824
3839050 0.3988962179961577
3839050 -0.5178748522721441
3839173 -0.2351854203707232
3840241 0.13473080730941608
3840940 0.026194685747279983
3840940 -0.14690237564103006
3841487 0.027008488481340177
3841487 -0.30051610270256585
3841743 0.4345873790042522
3841743 -0.6561049851971192
3841832 -0.16634053304090027
3841907 -0.5894018501353112
3842226 -0.07948156345874283
3844539 0.2594793942575859
3844592 -0.17157297931344537
3844920 0.2129830876771153
3844936 0.1260750161134756
3845833 0.5151178433778845
3845860 0.8203474670099179
3845913 0.12485106953823376
3845959 -0.367607311046904
3845983 0.10595845771170154
3846441 0.23724143281654253
385291 -0.08112739143148366
3861086 0.03383103478055445
3863535 0.1593322917184321
387393 0.23401818860045448
387393 0.27809555290882104
3878835 -0.5141755250770259
3879973 0.008863103036963613
3879973 0.05925908009375507
3879973 -0.347284611304453
3880794 -0.007294801825540156
3880815 -0.14633624032258805
3880868 -0.002235676768293182
3890300 -0.012906718211039427
389099 -0.06569518077830067
390086 -0.04900980294098034
3905626 -0.041576092031015
391735 0.4513473396429723
391770 0.26320108122936225
391888 0.360490964489801
391997 -0.09544271444636666
3920135 0.8224505658706753
3921663 -0.12522118915167316
3921673 -0.07552674775070486
392188 -0.7625587591189785
3923137 0.09861570623363526
393105 -0.03419927840283849
393312 0.0015436069458606217
393712 0.2767546517312797
3939541 -0.1575555038082089
3943058 -0.03452530368143696
3950242 -0.17666239824805754
3952040 0.6037414663952856
3955115 0.40734113811597505
3958178 -0.5764613536983136
3961408 -0.17962924780409978
3962077 -0.06134688957245554
3962919 -0.6961559564033082
396600 0.20984621693971897
3969411 0.3122034187989412
3969411 0.9018430160044194
3969413 0.25602507675970115
397531 -0.459859757062364
397564 0.6111728526664462
397700 0.8691788977099881
397772 0.32417635938924305
3981224 -0.36065391682096914
3982078 0.25819888974716115
3983211 -0.07545639566148378
3985013 0.1958659185146542
3985038 0.27880601414292916
3985041 -0.0891974878156627
3985385 -0.1792177565146707
3985830 -0.715871695077929
3986431 -0.3755333875798914
3986541 0.448404360520897
399119 0.918373372854236
3998938 -0.0597792245509213
4006199 -0.2852453476819672
4009585 0.06927460186160612
4030289 -0.20675452012939774
4032132 0.7166810307308611
4033170 0.341451063395899
4033850 -0.2743266338524502
4034053 0.7109714025666358
403427 0.03587480016670873
4034379 -0.6120648102108199
4034841 -0.7024428275140446
4045599 -0.3461737864852372
4045897 0.2360144696328355
4046488 -0.2749286996141075
4053150 0.3806934938134405
4054065 0.3615242274916073
405627 -0.11678032542716757
405627 -0.5592809005020757
405714 -0.02958885408186068
405714 -0.29841883878119635
4060285 0.32160373952983295
4062022 0.038794291597509765
406264 -0.08061932020251703
4064975 -0.3150630189063022
406515 -0.06768420666936073
407048 -0.9107243170254585
4073291 -0.06202620356554666
4083505 0.30246155656096013
4088869 0.8718533162913389
4090083 0.21522462086597013
4093663 -0.1232947694285479
409855 0.14858587680767066
410438 -0.5512479925206673
4105798 0.9296696802013683
411277 0.790403839019914
411386 -0.018269602381046756
4116796 0.8438691792958961
4119538 -0.6327683615819208
4122593 0.5582493346260676
4122600 0.05996556599739204
4122600 -0.6432347367892264
412276 -5.325806160342673e-17
412578 0.63532285355454
412743 -0.19647948350320688
412758 0.27247652954199336
412767 -0.23061019348348333
413048 0.8551121790710309
413054 0.17581906458198157
413462 0.9802448112659145
4135666 -0.05786913866044948
413852 -0.23704354037838396
4140623 -0.27261234824670433
414110 -0.012036840965264339
414506 0.26386873321817395
414572 -0.27014465123864606
4145940 0.5442053331519827
415024 -0.552261659516986
415037 -0.24331342391325333
4150892 0.07713015729132862
4151526 0.17120789041539483
415169 -0.3366264978157316
4152048 -0.24718475732653153
4152293 -0.5566438142979105
415308 -0.01043281061914603
4153532 0.389565806527185
4153608 -0.6189118737285232
4153687 -0.2509922038326185
4153689 -0.08091706205750701
4153698 -0.5164553072368832
4153698 -0.5299538317908338
4153708 0.49792619684066136
4153818 -0.3244838322819782
4155299 -0.4407373819867199
415756 -0.2812538116607123
4159373 0.12840348592282308
415980 0.5860429657152855
4163061 0.13878402750067526
4165162 -0.053567158400557986
4165341 0.06513552599114446
4168373 -0.05334504391633913
4169611 -0.3420462933977717
4179543 0.26257545381445874
417970 -0.5151662832181628
4186711 -0.4446640858932085
4188848 0.23220860545016048
419111 -0.48547938750294617
419263 -0.26898895998931815
419529 -0.6387951396880983
419531 0.982766864140098
4197398 -0.17612622939179076
419798 -0.3079408810257198
4198033 0.46574538914196756
423196 0.41897708250647164
423283 0.5930802526189114
423591 0.8764046476274407
423757 -0.7793844871876461
430738 -0.5367450401216932
440409 -0.3368433265002536
440670 0.5307437420409432
441761 0.1899050711906769
443221 -0.41849879681768876
44585 -0.2898413290095099
446403 -0.8069933131985481
446735 -0.17887821094352296
447578 -0.5324634901098638
44824 0.48989794855663565
44853 0.32006403962464813
448924 0.028688765527462308
449398 0.06999570706161293
44957 0.21139927902529326
449656 0.017978662999019766
449763 -0.4603754603756906
449838 -0.2281875507513618
453165 0.0
453196 0.7499999999999999
453475 0.23516445521674456
45411 0.4836106188915082
45485 -0.08547501951405122
45935 -0.8506988931161725
46372 0.10733301531005542
46433 0.10892449875155348
46479 0.010363946430143024
46479 0.13520939700381623
467543 -0.05251854888819266
47124 -0.5607220275208967
475196 -0.04010339955261578
475536 -0.6359038496534997
476195 0.18874164794557446
476971 -0.12614068326616892
477810 0.038700384166827514
477810 -0.4777264109769437
477884 -0.2031080125998888
477996 -0.30435795234229446
477999 0.1079963703604992
478751 0.1263107911241789
479425 0.006280742930213282
479865 -0.34284283860173725
480229 -0.08952253370901263
480853 -0.7768985960673556
482426 -0.3108186570613169
482456 0.3973248701040275
482456 0.5811693178459001
484237 -0.37515175903828957
48428 0.28978467053918344
486722 0.05366227767244306
487316 -0.22090148662878087
487421 0.7087835840655705
488177 0.5530572827057013
488777 4.2170234350516757e-17
489626 -0.5257503951615862
491749 -0.44887456164614997
491883 0.10217979321207941
492289 -0.06319230608963225
492289 -0.275646689051627
492289 0.27918544091300895
492289 -0.49948011859358804
492289 0.6291993456330208
493818 0.408535643145918
494426 -0.07479042255487044
506005 0.4430711838993226
507868 -0.14540040241907845
508068 -0.2712985583618089
51141 -0.6233347860553011
511589 -0.13505115503785584
511776 0.4639268622789955
51270 0.36121098098073523
51270 -0.44297450840239067
512732 0.4162475610565922
514799 -0.17286729567900452
518626 -0.3061898255351132
518736 -0.48826973480469826
53150 0.26802813370944867
53152 0.5040031224098158
531909 0.004360604255235559
532166 0.18455433929672618
535412 -0.2620592138537711
536904 -0.37229211552023694
537957 0.22658913094724195
538456 -0.5690063779262725
540329 -0.0736989517909478
540898 -0.28529870107872785
542014 0.27467412483823817
542473 0.26443913771217153
542753 -0.7778375912936423
542784 0.2380586052404793
542907 -0.19674262672412338
546235 0.018996475425420753
546810 0.298366108325922
547730 0.31924717482943055
547740 0.10566524924860282
548071 -0.5755482782682291
548136 -0.46504698991515653
548232 -0.1669692845584659
548232 0.24824855918069555
548240 -0.015408338784034284
549253 -0.11163126113028765
550189 0.4808566546406853
55160 0.026263299162403983
552508 -0.06164086832302967
558080 0.3795796480407763
558118 -0.23245672290342598
559235 -0.17537893050054898
559408 -0.5562011484418136
563375 0.3863219374773044
565974 0.37573457465108956
566021 -0.42389195933511925
567604 0.41453099567562335
568304 0.26211121699831125
568440 0.46481112585226414
568712 0.3320391543176798
574566 -0.014547859349066173
578711 -0.23868816790564557
57905 0.7351192396583955
605008 -0.012377792377468864
605008 -0.04692178051502538
605008 -0.10548941012619233
605008 -0.1413962585371673
609555 -0.23953294507350129
611451 -0.7963330593811956
617336 -0.02412441682754266
620218 -0.17508122506793583
620314 -0.682906814360959
620315 0.5451194600513307
620388 0.1106441664578127
620388 -0.15833862484008174
620484 -0.16788736670484342
620484 -0.7085662394599952
620578 -0.13493914790363173
620578 0.3427711377425649
620642 0.3850487608895116
620660 -0.7349945473685019
620687 0.6103147018085958
622223 0.27902485205062716
623341 -0.5292447786488266
623394 0.4559884338524706
62667 0.5168896263957652
62674 0.31772182569730195
628212 -0.43160307914423823
62940 -0.2907009498669055
62951 0.03721719838017241
63054 -0.8962548338908567
63108 0.176532044127192
63153 0.44643551455202096
63179 0.3260253318483131
63210 -0.3073077150375538
63261 0.10966881615368869
63285 -0.13791543079869312
634673 0.14791073247337602
635126 -0.026423975943792404
63612 0.337131839113248
63615 0.579473863555941
63690 0.11788145340170703
639426 0.17502260251866059
639513 -0.08627633465727251
63958 -0.05756641238231301
63993 -0.005603758019486994
64017 0.16101000436732504
64030 0.7404575990687836
64062 -0.6588362054752297
642674 0.040061139893106945
647150 -0.20784259141258843
648192 0.8928619442903154
649754 0.28747978728803447
64983 0.33372787272607707
65010 0.3871216393541791
65010 -0.83602511473231
65053 -0.13204764478333414
651587 0.5172966448908508
651587 -0.6338731596684772
651662 0.44408185669937883
65210 0.21689167595090783
65210 0.5337165872000548
65452 0.592838618106685
65633 -0.5725005979218057
65673 -0.02289918885181996
65673 -0.1680466817969563
65673 0.191898903855869
65673 0.25980954281065444
65673 -0.26635008108987757
65673 -0.3811181689203307
65673 -0.6128451893372089
65673 0.6782047521388765
658669 0.2325799607334431
6594 0.42590675118939186
660770 -0.03088365745928732
660906 0.03200409678659977
66135 -0.32988327289952185
66160 0.25953810099145347
66267 0.8013259559450404
663899 0.07412493166611009
66410 0.15919430581594118
66545 -0.3511915055989661
66545 0.7247966992380477
665545 0.158778811000412
665545 -0.7967142319882876
66566 0.2864459496157732
66600 0.08739561244642816
669443 -0.014197900910333034
669651 0.6113659840594632
681031 0.18948215764852036
681580 0.3389849278199331
682297 0.4345873790042522
682480 -0.1956463952178074
682578 -0.19280257230472794
682598 -0.07740015122813548
682995 -0.30313488136887345
683009 -0.07181316972317099
683009 -0.18646265238946824
683022 0.615794023357063
683089 0.03409531217895992
683090 0.020257904182092147
683132 -0.16473146632512645
683165 0.00782109723925844
683180 0.7056391005920521
683197 -0.06842256893799663
683198 0.3036315593500967
683209 0.39254050786443095
683210 -0.3280781696434404
683217 -0.30240187344588965
683242 -0.12107836362082973
683317 0.06048510027223691
683601 -0.922237037136915
684170 0.7924373724448586
684220 -0.07987587348739056
684250 0.4527612078902767
684272 0.4939159252104253
684298 0.27239776431795487
684365 -0.15934695335853338
684403 -0.372286059819651
684407 -0.21424690964091134
684424 -0.08803812696816801
684424 0.6218252702059209
684433 -0.5426845780637046
684441 -0.17660087179677048
684441 0.6520167195198315
684444 -0.1903672690983207
684447 -0.17922417446639755
684447 0.2968198108631787
684556 -0.5972810934315529
684557 -0.040794923730249046
684558 0.032889675724013606
685407 -0.14105846596384583
686193 -0.14159465243840122
693874 0.09992428433056355
695425 -0.3884942384952117
697650 0.44976121477830683
6997 0.0239963451550378
699724 -0.12715773619512558
707148 0.3190117643151596
707148 0.8044808530748828
707232 0.01330088329310543
707268 -0.4194186229274599
70931 0.8505042802087052
709494 0.7689207238793689
714124 -0.1862471828949072
714147 -0.48281160669483986
717038 0.72992758130625
71738 -0.22427197973107327
71886 -0.2345351974960491
723143 -0.02148669064224569
72473 0.331653510700586
726078 -0.4944171252913839
726087 -0.29372522840900406
726087 -0.32483162950977545
72615 -0.04726803976567323
726180 -0.1733405560069758
726181 0.22906062208534428
726181 -0.8698904768181318
726275 -0.2030791274041093
726297 -0.13081958471303715
726395 -0.6316166325894864
726465 -0.15282476366257192
726632 0.08602647872386801
726731 -0.03516054232038713
726957 -0.44022620104997134
727207 0.019048482943986474
729246 -0.24656648871661982
731861 -0.2745600762783533
732233 -0.15562969954102204
732233 -0.3238248192978555
732233 -0.5716549673878742
732236 0.30490777294126165
732448 0.17078251276599332
732673 -0.6458849603251718
73310 -0.07981546711823549
733290 0.7307543127971546
735422 0.2592724864350674
738973 0.09784921095801628
739096 0.05927962437324192
739096 0.24429458142072394
739096 0.2783630183698352
739096 -0.5973828744671611
739123 0.27132712834313544
739123 -0.531262175983576
741033 -0.16898257710466585
741034 0.31494488946609334
742270 -0.6586600914253922
742276 -0.04644392709423824
742572 -0.43929692098276535
74322 -0.22710775073134312
743387 0.4099065310477658
74466 0.07960154225863915
745099 0.12537285503961815
747846 0.22699930462652862
756087 0.26005142106772716
756282 -0.008050682033473332
758224 -0.013934322078235849
76575 -0.09675506592551368
770158 -0.014064530678877267
7739 -0.5555730530927817
77425 0.03438070820862646
77865 -0.1601646087068241
783216 0.07425558326943
787788 -0.28129820255984744
79308 0.32829957697946843
795766 0.31205011696183127
795789 -0.7518514513033705
796044 0.04198911048651819
796558 -0.7547288550640916
797340 0.1365300500413984
798574 0.11995458201095772
798681 0.14095615314705642
798991 0.37770524137898853
800332 -0.0706541222576927
805740 0.030212721315414456
805740 0.09865124309418204
808965 -0.09229079820727858
813213 0.02189489404922193
8229 0.3163569176522069
82867 -0.26230150466920993
82971 -0.061403466835872646
83052 0.33971174366988205
83076 0.3303826767260959
83134 -0.11945183170797641
83160 -0.09382268289489804
83278 0.5245713524431652
83392 -0.37719427358284213
83395 0.01567049748331389
83404 0.09023436123133022
83425 -0.5343904214426418
835764 -0.25819888974716115
84156 -0.17915400187048713
84156 -0.29147170053435617
841619 0.549491254952621
842536 -0.02814055855510825
842536 -0.028179797094114372
842536 -0.06626987024788354
842536 0.31041545870007015
84254 -0.6745317377167956
842552 -0.12489035338717706
842761 0.6616729213393404
842855 0.6361416972599783
843099 -0.31032035474323294
84372 -0.19255742616769822
84380 0.1298662389658481
84412 0.056894702463927006
84462 0.234401180853203
845323 0.08724740874345362
845323 -0.2273993266138537
846081 -0.5983589349098883
846090 -0.2558937063929511
846094 0.022064192308964878
846630 0.16217092418910925
84887 -0.41711433997820113
8533 -0.20779999986388323
8552 -0.11333483533682076
855856 0.12297676617751335
858385 0.3592569627817618
860461 0.00813977150842508
86418 0.4218751799193223
864427 -0.10090548506180415
864970 0.4217510852078248
8656 0.49091569283208464
869912 0.5674096126322631
8708 0.47646887170049756
8732 -0.3910188651404852
87486 0.29069527914699966
876490 -0.26786815388677343
876801 0.06418625415785219
878361 0.6010452249076481
879370 0.06948033423942579
88029 0.6821838526167525
880498 0.08040799803981713
882808 0.06491590722261524
882918 0.2613156977054559
883047 -0.1289962668060925
883111 -0.3247638414435981
883911 -0.035466345106595396
884191 0.2379198595975843
884191 0.25033949770004926
884191 0.4011010047814081
884223 -0.019021756688036708
884223 0.09726488698881029
884223 -0.3821643452454186
884223 -0.4024717022032483
884223 -0.5659742610287934
884223 -0.5853953766776545
884224 -0.7282347248904991
884224 0.7405339996318199
884763 -0.05051984981690418
8855 -0.5280556811266818
885506 -0.26858532496694826
886315 0.46291004988627577
88673 -0.13890079790403523
888528 -0.11458333333333331
889286 0.35911040863053745
8904 0.43020469513616266
8929 -0.33411507117839484
89312 -0.0017070464653019778
89313 0.14001270453574535
893630 -0.10849075915068655
894965 -0.5658421896536326
8965 0.9424595233872011
8988 -0.26669739900184986
903613 0.18672795724417848
9051 -0.5778737056245987
9053 0.1938325991189427
9053 0.46226731980450714
906639 -0.43910900859715835
9080 -0.2634509303344058
9081 0.8842814927287264
911879 0.11734517391389077
9141 -0.12342884943938753
9145 -0.7983723279170816
9147 -0.09179850920431565
9149 0.3475684630290121
9150 -0.04318335170875306
9150 -0.16521679069183368
9155 -0.29180695999251
9162 -0.3664323806625321
9163 0.49611114134488643
9165 -0.5857540283900499
9167 0.09160216380437242
917145 -0.38161144856403495
9185 -0.36927447293799814
9227 0.4854127763644859
9243 0.33313794698254534
92508 0.08368848200763696
9252 0.005420233337395315
9260 0.09540726318419114
9260 0.33893763651779807
9260 -0.931063175617434
926149 -0.3039122198310515
9267 -0.4295128117402288
92863 -0.8647661709246292
93057 -0.007114960203826481
93063 -0.5846999627193048
9322 0.1974291965493923
9325 0.2252200489523476
9325 0.4506552216000219
935161 -0.04564354645876386
937638 0.15136743232489025
9403 0.30868170459169647
9407 -0.942682416162011
941380 0.25643641938735734
9450 -0.3433102477563667
946370 0.08213785172900905
94789 -0.3773891259032885
94803 0.16814321093416326
94812 -0.1729310899489118
94812 0.2523817908097371
94812 0.404854646469831
94813 -0.11157680759198295
94813 0.34566414387977934
94813 0.6742340675753852
94814 0.42842513592598364
94814 -0.5875544721270631
94814 0.8375745456416761
94815 0.25164886060031094
94817 0.18130907839966037
94837 -0.939690543294348
94862 -0.3512894181713263
94876 -0.12671658092865348
94877 -0.4105511941260016
94896 0.02032923483062066
94958 -0.7590976161623334
95015 0.21345353361075098
951158 0.0910896763840717
95168 -0.16639800404716998
95185 -0.6119937980607051
95217 -0.06330001464446008
95218 -0.10792886088092625
95262 0.15169855670796503
95297 -0.7552593373581467
95300 0.06345830087571587
95308 -0.12692703339586228
95375 -0.22045743223289646
95439 0.09094533298063627
95470 -0.24606298875546445
95522 -0.052139974515145356
95598 -0.16628446578141154
95694 0.1827858240568452
95709 -0.43776378778454744
95735 -0.6749485577105528
95737 -0.7787400658920562
95745 -0.25015224821250814
95760 0.6972920320273889
95764 0.30542045404126106
95766 0.9141401281603623
95812 -0.44426598201271567
95812 0.47604222270368624
95832 0.023937080298300283
95842 0.3448676248066682
95862 0.17162378183893157
95918 0.24277282374831616
95942 0.39105611810113233
95988 0.21337071116175904
95994 -0.063689387092113
96034 -0.34495381576588147
96060 -0.5761545131199666
96060 -0.6486616257818129
96070 0.027686541628442838
96070 -0.06335829046432681
96070 -0.095050356642765
96070 0.33739826867146844
96070 -0.33952896462936805
96070 0.3928755219173705
96070 0.6273616269312211
96071 -0.22391640041068805
96074 -0.2268482178905401
96081 -0.15212015360449185
96089 0.09271726499455303
96089 -0.15385102505873652
96089 0.1619716574397051
96089 -0.2617369950904339
96090 0.09419408341330374
96094 0.17746159843031178
9610 -0.31709675108132773
96106 0.2435993828823451
96110 0.007291310654330125
96110 -0.2757764159222962
96116 -0.25122588745804175
96191 0.42289601795114695
96214 -0.011001639366407488
96248 -0.19789452072605743
96248 0.5577550161821874
96253 0.23344426540918403
96312 -0.42340489921997043
96313 -0.3624853391816674
96313 -0.4881760689494348
96317 0.08292201830963404
96320 0.029697330348557087
96338 0.22576540398538542
96341 0.8111339515903601
96351 0.14202714386364734
96384 -0.37726409722120746
96392 0.14779275737848518
96429 0.12397117592011618
96606 -0.22391714737574006
96623 0.44382478954421073
96702 0.7980238751210127
96719 0.3065992152248942
96754 0.5007173885542053
96823 0.35124278818148924
96857 0.29452117456293764
96870 0.504569086726777
96941 -0.04668753201015011
97022 0.19629316192476662
97046 -0.48283620026917434
97058 0.30652946124736047
97103 3.0124203782153734e-17
97137 0.7312724241271307
97173 0.1668296658906278
97235 0.10508804812591051
97239 -0.21035339886847929
97239 0.5703413636427715
97241 -0.12201902636728233
97241 -0.6996611002644993
97241 0.8195683543662783
97242 0.10811304398794667
97310 -0.4536149459411722
97312 0.2958039891549808
97333 -0.23964151485927476
97345 0.1412676790865257
97451 0.0065624935913179885
97452 0.1358138780968425
97461 0.5329824780403699
97473 0.060614155800494424
97473 0.43363601112791794
97473 -0.534848460734923
97561 -0.16463819352454365
97561 -0.3060520566991781
975671 0.23204774044612855
975767 0.15255401427929474
97586 -0.31378803271569755
97587 -0.12524485821702994
97611 0.5490677972136213
97639 0.05002345399237738
97639 0.30853643268132197
97645 -0.37165555811971734
97649 0.05805847497871382
97649 -0.3888932292040985
97649 0.4801866645956366
97652 -0.15073452695287923
97652 0.24096579867074958
97652 -0.8032603084351343
97653 0.04145924946170862
97653 -0.2934867182369802
97653 0.4497120149145934
97653 0.5824550483698553
97659 0.5094780674715721
97668 -0.06861558079938486
97706 0.4050583242287595
97726 -0.26492022243024727
97731 -0.9070131487959538
97734 -0.36838597599702516
97753 0.6155677383213823
97759 0.4486030795523516
97761 0.4062203749838261
97771 -0.014494275891311224
97771 -0.6627687165333868
97774 -0.6761540690618176
97775 -0.1250860169159885
97776 -0.021941949821689757
97776 0.18530624069452442
97776 -0.48650650208846924
97782 -0.07436345714824773
97789 -0.07093269021319082
97789 -0.3281923611987635
97789 0.3623957577063712
97791 0.20766159079386384
97799 -0.42602978699908245
97805 0.6304132876132247
97813 0.5213251117775379
97813 -0.5789605972026715
97814 -0.22261623079902174
97814 -0.47972805208616975
97814 -0.7895658581342253
97816 0.7045960865995915
97817 0.14206591516789557
97827 -0.3432733514066608
97837 -0.186767380180614
97854 -0.06893478622585814
97859 -0.2064150717551608
97859 0.2505361861454615
97859 -0.4207719945501611
97861 0.031133566125737207
97861 -0.4079306012009144
97873 0.032216084025053146
97873 0.1318743892561878
97873 -0.16974997612891127
97873 0.2779541006749631
97873 0.3051390988486768
97873 -0.35264001921922017
97873 -0.35592821246479556
97873 0.3932192973477712
97873 0.6760804794007249
97873 -0.7649214595595966
97873 1.6504226665530337e-17
97879 0.016135329791560658
97879 -0.2367801964430034
97882 0.08541628435179645
97894 0.24398838636504322
97897 -0.04588732124922701
97911 0.03533495938289528
97914 0.058844014709064
97914 0.12671182894931307
97914 0.5764353038453105
97916 -0.11626819122561574
97916 -0.2828862564901279
97917 0.04679560142019
97921 -0.08481994871065444
97921 0.20840423312894854
97923 0.11921127519610748
97924 -0.6802074799231776
97933 0.21790349504462941
97933 0.5609927134532144
97939 -0.30201606028511374
97939 -0.42789277188504227
97941 -0.2462760274984759
97946 -0.05862208377600106
97946 -0.15120368418975152
97946 -0.7074749701108395
97947 -0.2614445399062025
97952 -0.024893908334674367
97974 -0.6302220152328356
97985 -0.6830009515539734
97986 -0.30931764931443556
97989 0.47080293691246816
98000 -0.16459131509087738
98005 0.6379031393753393
98006 0.1956290622038006
98014 -0.38136452175175733
98026 0.6201452955558814
98028 0.49713076711690973
98034 -0.027348549437220995
98043 -0.5545590947321827
98052 0.037339839329912736
98055 -0.2014194132193746
98055 -0.3863217916100952
98055 0.7074076136958758
98056 0.13405018437777727
98075 0.038877116544544066
98075 -0.18189503158283615
98075 0.5239175706742533
98089 -0.11159844288435415
98091 0.0599932811287493
98171 -0.21324512854572983
98219 0.8283032807877109
98224 -0.23877836892512552
98274 0.4923659639173309
98299 0.519078281545615
98301 -0.4824497566200802
98307 0.7846465462278112
98308 0.16207570513580868
98331 -0.04128540814817554
98331 -0.44601912290109336
98332 0.07073278556897408
98346 0.5753113566323141
983533 -0.2571691002267794
983533 -0.5961426078704806
98355 -0.15327242264118174
98355 0.2849071512261811
98356 -0.31199825514179463
983612 -0.24417643672908157
98373 0.03739787960033824
98373 0.184143824752997
98377 -0.5490313348968022
98383 0.07992898356345546
98414 -0.21225144969863155
98428 -0.179658255712549
98455 0.17893631551274444
98500 -0.38865043079246
98549 -0.21055392715615656
98580 -0.7190661376358162
98592 -0.5024525930284427
98629 -0.04921870193488487
98736 0.057742981045461564
98746 -0.618508442309748
98764 0.15454351096339514
98833 0.1620722127754384
98847 0.26719091684483487
98909 -0.9333850458487253
99159 -0.7675067860720625
99187 4.5034748947505395e-17
99244 -0.12103138438909836
99324 0.17873796928265137
99446 -0.6092731314093521
99477 0.6738726472630753
99735 -0.24356483396740072
99739 0.1563961703230977
99790 -0.17410588858017687
99810 -0.7175608803587863
99832 0.27522020026602767
998984 0.4075813433925399
99948 0.00505297065725279
