1000018,0.17753786120636217
1000056,0.3532631149555182
1000063,0.5456311324802511
1000095,0.12526471255883026
1000097,0.1918846280492267
1000099,-0.21334856987606451
1000103,0.959826793043607
1000117,0.11946402027651776
1000130,0.21932840775292378
1000136,0.3301809732078317
1000187,0.6442169669414011
100024,0.31930398106032104
1000323,-0.020132968342581686
1000392,0.04854173277246457
1000415,-0.10234630513227097
1000446,0.1914707156614041
1000489,0.40422158375150596
1000507,-0.08163631089216475
1000514,0.017291632549537805
1000600,0.42175814428925984
1000619,0.3669636872302561
1000834,-0.191309916554911
1000938,-0.08855107835186263
1000940,0.460768179753673
1000943,-0.11568605620124314
1000946,0.12833295846778023
1000950,0.920922453020684
1000959,0.29066633319483376
1000971,0.1049364882314392
1001008,-0.1797918423628269
1001033,0.18734715381883638
1001041,0.05221196392196027
1001057,-0.039306851221402955
1001068,0.26497383300380156
1001144,0.27969561841792145
1001146,0.6320464189266425
1001184,0.16206891861969816
1001187,-0.3660749299601108
1001213,-0.03327222833102497
1001245,0.7924280733995113
1001264,0.10427403960751327
1001494,0.4031484788304136
1001504,0.5562978633128024
1001538,0.01565525375807597
1001550,0.11789468768648012
1001551,0.09185895996377369
1001592,0.5271146390624646
1001627,0.3536563370348633
100163,-0.14643932249337152
1001650,-0.23009234835609274
1001664,-0.4754927793346583
1001665,0.1427699604630529
1001669,0.14068707730375368
1001694,-0.0789650026248643
1001721,-0.15627057020599236
1001755,0.11987727874262083
100177,-0.16753323050050886
1001787,0.1829045680388922
1001788,0.2947997236613204
1001804,-0.366725218932317
1001806,-0.10231999949498835
1001823,-0.08019644313619212
1001840,-0.5287617150027132
1001841,0.2059475264361937
100185,0.16315164840246982
1002090,-0.12071015730213633
1002103,0.6817117558455407
1002108,-0.03250369955213381
1002111,0.085112999086456
1002112,0.3890586580265929
1002116,0.20147614823202636
1002119,0.00031991301323011645
100212,0.16393317812827146
1002202,0.16449378421825378
1002253,-0.33849466985403054
1002254,0.15528541966005277
104340,0.5988605551967251
1053516,0.03997986375327996
106509,0.22064352626674918
1074411,0.10335878986896457
108242,0.14867270430073648
108292,-0.239470655577301
1083817,0.4928229117781494
11104,0.8075958226827876
1132745,0.06526438633253145
1158170,-0.6440736767956284
1179708,-0.5875112897402528
1183310,0.16697286510640602
1184118,0.13719352700368573
121839,0.10155873001081303
125621,0.2760751997822006
1267283,0.6916146108627248
129587,-0.2623564181546968
1304818,-0.10555215587222858
1352660,0.06169340502529913
1358598,-0.18557238862291445
1533307,0.32326744427831255
1546075,-0.046621809599959485
1555794,-0.20691477679515716
1588853,0.07848046247501587
162624,-0.1383944669449377
1657848,-0.6062747400778267
1665189,-0.44343604903477485
1667559,0.2194150461882477
1697056,0.06081456350979124
1698301,0.006492410819174177
1703397,0.0790887183640569
1765324,-0.14043834178659473
1765628,-0.048142704947445186
1785304,0.2278975552590808
1884536,-0.01583721703384
1887081,-0.22223143105588986
1894247,-0.3799294008691062
1903110,-0.3501467342674065
1904968,-0.07982712051074373
1906907,0.2821530706904384
1907260,-0.0063404977321099565
1909126,0.2952832927150223
191130,0.1562882174598512
192780,0.5303566859288866
192789,0.18236101709577165
195379,0.4786367010120465
1963635,-0.08608756697680761
1967792,0.06459910999674434
1986874,0.028599383969657444
1991455,0.2137032543742785
200687,0.10643030359801413
2017661,-0.49020626472553563
2024256,0.00012445166657221174
2033526,0.19734953565406418
2036783,-0.5753142196082319
2038044,0.11629243130386216
2041550,-0.6420781857252749
2041575,0.4803669850750618
2042881,0.35926962737018286
2043510,0.17939591130291596
2044781,0.08703404620941109
2048419,0.3578891485935225
2048482,0.7485478835379807
2048847,0.198242186084934
2049813,0.251141102937383
2051567,0.039463467297869426
2052545,0.42544339744789195
2053312,0.08278616709447928
2055406,0.47697831844837624
2058190,0.0872316168007072
2059432,0.3509423072589763
2060471,-0.3173099187859183
2068706,0.2943796981080752
210415,0.17716829670459877
2171183,0.3842460140340317
2186560,0.5599037582313224
2197745,0.2228074761244826
22411,0.10596169452753056
2249747,0.14753106688744294
2320239,-0.0019796897185821727
2354211,-0.004262477457074587
238645,-0.36579714767465765
23875,0.3146219885571754
2389268,0.13910578676591934
2412478,0.294060066796904
2417216,0.7410470407732613
2417217,0.014926133190207774
2417227,0.011898392941813024
2457708,0.568884573258894
2470766,0.2545455838562901
2470771,-0.06822813243613049
2495758,-0.058228051877753206
24978,0.2163324089133118
2502253,-0.18831438746849752
2542238,0.12139423076923078
2586240,0.210040162317958
2637790,-0.0890096243858674
2682467,0.542179218033034
2690673,-0.04500337378997746
2697766,0.04166554257707028
2699972,0.3139783556543382
2749246,0.055765283370820234
27758,0.45886763509617357
2792215,0.09746488491468908
2829113,0.11326845566537735
2842826,0.424449679422095
2843306,0.07220797838779988
284458,-0.2748011952371643
2848356,-0.1318690685784906
2899353,0.7423208710408685
2899568,0.23888957239457248
2960570,0.4296009665713161
2990498,0.011841331529710036
2997399,0.04622854821354448
3008887,0.13070234093516106
3042197,0.36806651464104323
3048212,0.27460189413677427
3074655,-0.28077248642982655
3103181,0.683198661858908
3120512,-0.44013713645344577
314339,-0.025798537175091146
3167706,0.09225668334585914
3209342,0.6762396711474359
3215680,-0.12823931158290366
3228288,-0.16068266030633202
3248354,0.16407083419558702
3254184,0.18339982245502806
3255297,-0.05904448515613503
3300443,0.413376914685488
3346478,-0.002447336216638618
3380489,0.2502385665069069
3450001,0.7959660030801597
3485975,0.023079469669218672
3504330,0.6722856183311966
35066,0.5749999999999998
3528309,0.7832439245420852
3530164,-0.10907534146128808
3531334,0.8688065717632388
3557187,0.22365811410937536
3609631,-0.20505815119050155
3675290,0.179370631855555
3691781,0.21579412920463698
3707275,0.2726824949821498
3775073,0.4168163430377759
3778755,0.04120259002515937
3785030,0.3457679756457446
3785042,0.02446311204542434
3846441,0.3516552178940612
3863535,0.28543244796066725
387393,0.38638121997249786
389099,0.09415909633844444
391888,0.35427821321088726
3982078,0.36946905628508697
3986541,0.34057185322138117
3998938,0.0991876591317169
4009585,0.1892556077215768
403427,0.18049358014170241
4054065,0.4572955933678662
4073291,0.09727772696928533
4105798,0.9402192281711631
4122593,0.6245119344321575
412743,-0.01700756097772585
4153687,-0.06334337325772571
4153818,-0.12581125743968144
4165341,0.20536519709247278
4186711,-0.2279644730092272
4188848,0.34737731463263644
423283,0.6541182147260747
430738,-0.3062332841034392
440409,-0.1363168275252156
443221,-0.20572397729503542
476195,0.3104304007537383
477884,-0.02264181070990548
486722,0.1956129360215766
487421,0.7524660464557349
488177,0.6200986902998461
489626,-0.29688783588734824
51141,-0.3798345681470059
511776,0.5443378329371461
51270,0.08050100169159288
548071,-0.3392160365279947
548136,-0.24528994142788305
548240,0.13690291203357086
559235,0.07546395453726668
57905,0.7748513537096362
605008,0.02981318024340779
63108,0.2250261187540566
63153,0.5294701873692178
63179,0.4271215320710662
63210,-0.11121155778192068
63261,0.24321849373063537
63993,0.14523680568343605
64983,0.33911246121144367
651587,0.050909962439017534
651662,0.527469578194472
65210,0.7880170236783183
65673,-0.0009317126175973078
66267,0.8311270625532844
669443,0.1379317842262169
681031,0.31105983400124226
682578,-0.013882186459018758
682598,0.08420987145608484
682995,-0.10766464916354243
683009,0.08895880573530465
683022,0.6734249198535036
683089,0.1789810153521159
683090,0.1672192185547783
683132,0.009978253623642519
683198,0.40808682544758224
683209,0.4836594316847663
683601,-0.6339014815663777
684170,0.8235717665781298
684220,0.08210550753571802
684250,0.5348470267067351
684298,0.38153809967026164
684403,-0.16644315084670339
684407,-0.032109873194774624
684424,0.6037190717520899
684433,-0.31128189135414897
684441,0.7042142115918568
684444,-0.011812178733572598
684447,0.40229683923370185
684556,-0.35768892941681996
684557,0.11532431482928832
684558,0.17795622436541156
685407,0.030100303930731043
693874,0.23493564168097902
695425,-0.18022010272092995
697650,0.5322970325615608
699724,0.041915924234143254
707148,0.8338087251136505
709494,0.8035826152974636
714124,-0.008310105460671124
714147,-0.26038986569061384
717038,0.7704384441103125
726078,-0.27025455649767627
726087,-0.3757733292309625
72615,0.10982216619917776
726180,0.0026605273940705776
726181,-0.589406905295412
726275,-0.022617258293492898
726395,-0.3868741377010634
726465,0.020098950886813877
726632,0.2231225069152878
726731,0.12011353902767094
726957,-0.22419227089247565
727207,0.1661912105023885
729246,-0.059581515409126845
731861,-0.08337606483660032
732236,0.4091716070000724
732448,0.2951651358510943
732673,-0.399002216276396
733290,0.7711411658775814
735422,0.37038161346980725
739096,0.13687119724214397
739123,0.3806280590916651
742270,-0.4098610777115833
742276,0.11052266196989749
74466,0.21766131091984325
756282,0.14543794684769845
758224,0.13815582623349953
79308,0.42905464043254815
82971,0.09780705318950825
83052,0.4387549821193998
83076,0.24360842507239383
83395,0.1633199228608168
84156,-0.09775094545420274
842536,0.126080525228158
84254,-0.4233519770592763
84380,0.2603863031209709
84412,0.19836049709433795
84462,0.24962050186261125
84887,-0.20454718898147098
864970,0.508488422426651
869912,0.3911490853687118
876801,0.20455831603417435
8904,0.5156739908657383
89312,0.14854901050449332
89313,0.26901079885538354
903613,0.3087187636575517
9051,-0.3411926497809089
9081,0.9016392688194174
9141,0.0450854779765206
9163,0.5716944701431534
9260,0.4786450778934096
926149,-0.10832538685639378
9322,0.31781481706698345
941380,0.3679709564792537
946370,0.21981717396965766
94813,0.3458763481985416
94815,0.3639015315102643
94817,0.3041127166397113
94837,-0.6487369618001957
94877,-0.19896851500710136
95764,0.40960738593507184
96034,-0.14321074340099924
96060,-0.6462280499905266
96070,0.03888621034314839
96081,0.02069786943618193
96089,0.0063332294185012294
96090,0.23006497090130817
96702,0.8283202938528608
97022,0.26123279175736774
97137,0.771581560508061
97241,0.04628382758781001
97312,0.4014333907817337
97345,0.27007752722354683
97649,0.19934970373190675
97659,0.5830563573508363
97776,0.2888596472419095
97791,0.32651235217478425
97813,-0.34211650762227075
97837,-0.008752273153521894
97861,-0.19674101102077726
97873,0.17738367142129519
97914,0.2577050546069161
97952,0.1288401779155268
98005,0.6922176684690384
98301,-0.055041146563534094
98331,0.1324537015370254
98332,0.21012286773362795
983533,-0.3567212166899084
98592,-0.2770847040741763
99735,-0.057030108872290625
998984,0.49644414188365893
99948,0.15429502505866485
